3 0.3046875 0.3515625 0.309375 0.3515625 0.3109375 0.3625 0.3140625 0.3671875 0.3140625 0.3953125 0.3171875 0.4 0.31875 0.4203125 0.321875 0.4265625 0.3203125 0.4296875 0.3171875 0.428125 0.3125 0.40625 0.3078125 0.4015625 0.3015625 0.409375 0.2953125 0.4359375 0.29375 0.4359375 0.2953125 0.4078125 0.2984375 0.396875 0.2984375 0.3671875 0.3046875 0.3578125 0.3046875 0.353125
2 0.5921875 0.3875 0.5953125 0.38125 0.6015625 0.3828125 0.6015625 0.403125 0.6046875 0.4140625 0.6046875 0.45 0.6140625 0.4578125 0.6140625 0.4671875 0.6109375 0.46875 0.6109375 0.465625 0.596875 0.4515625 0.59375 0.4515625 0.590625 0.459375 0.5890625 0.4765625 0.5875 0.4796875 0.5828125 0.4796875 0.58125 0.4734375 0.5859375 0.465625 0.5875 0.45 0.59375 0.4265625 0.5953125 0.4125 0.59375 0.3890625
2 0.6625 0.3671875 0.6671875 0.3671875 0.6671875 0.3765625 0.671875 0.3875 0.671875 0.4203125 0.66875 0.4296875 0.6703125 0.46875 0.6671875 0.4734375 0.6640625 0.475 0.6609375 0.4734375 0.6609375 0.45 0.6578125 0.4421875 0.6578125 0.4296875 0.6609375 0.4140625 0.6609375 0.3859375 0.6625 0.384375 0.6609375 0.3703125 0.6625 0.36875
2 0.80625 0.440625 0.8109375 0.4453125 0.8125 0.4609375 0.8109375 0.5328125 0.815625 0.55625 0.8125 0.559375 0.8078125 0.5578125 0.809375 0.54375 0.80625 0.534375 0.803125 0.5328125 0.8 0.5375 0.8046875 0.5578125 0.8015625 0.5609375 0.79375 0.559375 0.79375 0.5546875 0.796875 0.5515625 0.79375 0.5171875 0.8015625 0.490625 0.8015625 0.4453125 0.8046875 0.4421875
2 0.690625 0.4359375 0.6921875 0.43125 0.6953125 0.4296875 0.6984375 0.4359375 0.6984375 0.44375 0.7046875 0.4578125 0.7046875 0.4984375 0.7015625 0.5140625 0.70625 0.5328125 0.70625 0.5515625 0.7046875 0.553125 0.6984375 0.5515625 0.696875 0.55 0.696875 0.5328125 0.6875 0.5203125 0.6875 0.50625 0.6921875 0.4875 0.6921875 0.46875 0.690625 0.4671875 0.6921875 0.4375
2 0.4734375 0.390625 0.478125 0.3921875 0.4796875 0.4015625 0.4859375 0.40625 0.4953125 0.4234375 0.49375 0.428125 0.4890625 0.421875 0.4859375 0.4265625 0.4890625 0.4359375 0.490625 0.4546875 0.496875 0.475 0.4953125 0.4890625 0.490625 0.490625 0.4828125 0.4734375 0.4828125 0.46875 0.4765625 0.4625 0.475 0.43125 0.46875 0.41875 0.46875 0.4125 0.4734375 0.4046875 0.471875 0.396875 0.4734375 0.3921875
2 0.3171875 0.490625 0.321875 0.4921875 0.321875 0.5078125 0.3265625 0.515625 0.328125 0.5234375 0.328125 0.5359375 0.3234375 0.534375 0.321875 0.5375 0.3234375 0.5390625 0.3234375 0.5578125 0.3296875 0.58125 0.3296875 0.59375 0.334375 0.6 0.334375 0.6078125 0.3296875 0.609375 0.3265625 0.6078125 0.3234375 0.578125 0.321875 0.5734375 0.315625 0.56875 0.3109375 0.571875 0.3078125 0.6 0.30625 0.6015625 0.303125 0.5984375 0.303125 0.5859375 0.3078125 0.5609375 0.30625 0.559375 0.3078125 0.5328125 0.3015625 0.528125 0.3015625 0.521875 0.3125 0.50625 0.3125 0.4953125 0.315625 0.4921875
0 0.453125 0.3828125 0.45625 0.3828125 0.459375 0.3875 0.459375 0.396875 0.4625 0.4 0.4640625 0.4078125 0.4640625 0.43125 0.459375 0.4640625 0.4578125 0.4671875 0.4546875 0.4640625 0.4546875 0.4484375 0.4515625 0.4453125 0.4421875 0.4609375 0.440625 0.46875 0.4375 0.4671875 0.440625 0.45 0.4484375 0.434375 0.4515625 0.4203125 0.45 0.4046875 0.453125 0.39375 0.4515625 0.3921875 0.453125 0.384375
0 0.84375 0.3875 0.846875 0.390625 0.846875 0.4109375 0.8515625 0.4375 0.85 0.4734375 0.8515625 0.484375 0.85625 0.49375 0.8546875 0.50625 0.8515625 0.50625 0.8484375 0.4953125 0.8359375 0.49375 0.8390625 0.4875 0.8375 0.453125 0.840625 0.44375 0.8390625 0.39375 0.8421875 0.3890625
3 0.9859375 0.653125 0.9921875 0.6578125 0.990625 0.6796875 0.9953125 0.6890625 0.9984375 0.690625 0.9984375 0.7984375 0.99375 0.7984375 0.9890625 0.775 0.9828125 0.7640625 0.9796875 0.76875 0.98125 0.7875 0.978125 0.8109375 0.971875 0.8109375 0.96875 0.8078125 0.96875 0.8046875 0.9734375 0.8 0.9734375 0.7625 0.9703125 0.7453125 0.965625 0.74375 0.965625 0.73125 0.9703125 0.721875 0.975 0.6875 0.9796875 0.6796875 0.9796875 0.6578125 0.984375 0.653125
1 0.6625 0.7265625 0.665625 0.7265625 0.66875 0.721875 0.6671875 0.6953125 0.671875 0.6921875 0.678125 0.7015625 0.678125 0.721875 0.6875 0.7328125 0.6921875 0.75 0.6921875 0.7703125 0.690625 0.771875 0.6875 0.7578125 0.678125 0.746875 0.6796875 0.73125 0.678125 0.7265625 0.6734375 0.721875 0.66875 0.721875 0.665625 0.728125 0.6671875 0.7375 0.665625 0.7515625 0.6609375 0.75625 0.65625 0.7578125 0.653125 0.75625 0.65625 0.7390625 0.6625 0.728125
1 0.65 0.765625 0.6578125 0.765625 0.659375 0.7703125 0.6609375 0.778125 0.659375 0.7890625 0.671875 0.8140625 0.6734375 0.8390625 0.678125 0.8515625 0.6765625 0.859375 0.66875 0.8609375 0.6671875 0.9015625 0.6609375 0.9015625 0.653125 0.890625 0.65 0.896875 0.65 0.9046875 0.6453125 0.9140625 0.6390625 0.9203125 0.6390625 0.8796875 0.6375 0.8703125 0.63125 0.8625 0.63125 0.8546875 0.634375 0.8421875 0.634375 0.825 0.6390625 0.8046875 0.6484375 0.7953125 0.65 0.7671875
1 0.5796875 0.8375 0.5875 0.8375 0.5890625 0.840625 0.590625 0.85 0.5875 0.8640625 0.596875 0.8734375 0.6015625 0.8875 0.6015625 0.9125 0.59375 0.9140625 0.5890625 0.921875 0.5890625 0.940625 0.5859375 0.946875 0.5859375 0.9546875 0.5921875 0.9734375 0.590625 0.9765625 0.5921875 0.99375 0.5859375 0.996875 0.5765625 0.996875 0.571875 0.98125 0.5734375 0.9640625 0.5671875 0.9453125 0.5625 0.9390625 0.5625 0.9234375 0.565625 0.9125 0.565625 0.89375 0.56875 0.8796875 0.5796875 0.8640625 0.578125 0.8609375 0.578125 0.840625 0.5796875 0.8390625
1 0.9260614934114202 0.7408854166666667 0.9231332357247437 0.7239583333333334 0.91800878477306 0.72265625 0.9084919472913617 0.7578125 0.9077598828696924 0.7786458333333334 0.9209370424597365 0.7825520833333334 0.9187408491947291 0.7994791666666667 0.9275256222547584 0.8072916666666667 0.9326500732064421 0.8203125 0.9399707174231333 0.81640625 0.9450951683748169 0.7994791666666667 0.9450951683748169 0.7890625 0.9363103953147878 0.7552083333333334 0.9260614934114202 0.7408854166666667