3 0.4484375 0.6328125 0.4546875 0.6375 0.453125 0.6578125 0.45 0.6640625 0.4515625 0.6765625 0.4484375 0.6953125 0.459375 0.6984375 0.45625 0.703125 0.45 0.7046875 0.4453125 0.709375 0.44375 0.7359375 0.440625 0.7421875 0.4375 0.7171875 0.4421875 0.70625 0.4421875 0.696875 0.4328125 0.690625 0.4328125 0.6765625 0.4359375 0.6625 0.44375 0.646875 0.44375 0.6359375 0.446875 0.634375
3 0.440625 0.6953125 0.4421875 0.7046875 0.4390625 0.7078125 0.4359375 0.7234375 0.4390625 0.7328125 0.4390625 0.7515625 0.4359375 0.7671875 0.4390625 0.7796875 0.4375 0.7828125 0.4421875 0.7953125 0.434375 0.8015625 0.43125 0.8203125 0.428125 0.8265625 0.4265625 0.840625 0.4234375 0.8484375 0.4234375 0.853125 0.428125 0.8625 0.4265625 0.8671875 0.4171875 0.8671875 0.415625 0.8578125 0.4109375 0.853125 0.4125 0.825 0.415625 0.809375 0.4140625 0.7953125 0.4171875 0.7796875 0.415625 0.7515625 0.4203125 0.721875 0.4265625 0.7171875 0.4296875 0.7109375 0.43125 0.6953125 0.4328125 0.69375 0.4390625 0.6953125
3 0.7047624785237312 0.3657199906068902 0.6938416670811807 0.3645721670717402 0.6927528289221426 0.37493177014849305 0.695712575553594 0.38178912991651365 0.7015370083229544 0.3824013024685936 0.7047624785237312 0.3657199906068902
2 0.4796875 0.584375 0.4796875 0.6046875 0.484375 0.609375 0.4875 0.6171875 0.4859375 0.6296875 0.4828125 0.628125 0.4828125 0.61875 0.4796875 0.615625 0.4734375 0.6203125 0.471875 0.634375 0.4734375 0.6484375 0.46875 0.6546875 0.46875 0.659375 0.4625 0.6640625 0.4640625 0.6703125 0.4625 0.6890625 0.4671875 0.69375 0.471875 0.684375 0.475 0.6890625 0.478125 0.6859375 0.478125 0.6796875 0.48125 0.6765625 0.48125 0.6640625 0.484375 0.6625 0.484375 0.65 0.4875 0.6359375 0.4859375 0.65 0.4875 0.65625 0.4859375 0.6640625 0.48125 0.6703125 0.4796875 0.6796875 0.4796875 0.7015625 0.484375 0.71875 0.4828125 0.7390625 0.4796875 0.7421875 0.478125 0.740625 0.4796875 0.734375 0.4734375 0.721875 0.4734375 0.7171875 0.4703125 0.715625 0.4671875 0.721875 0.4625 0.7234375 0.4578125 0.7296875 0.453125 0.759375 0.4484375 0.76875 0.44375 0.7671875 0.4484375 0.753125 0.4515625 0.7515625 0.45625 0.709375 0.459375 0.70625 0.4578125 0.68125 0.4609375 0.66875 0.459375 0.6671875 0.4609375 0.6484375 0.4640625 0.6421875 0.4625 0.634375 0.46875 0.603125 0.4671875 0.5890625 0.471875 0.5828125 0.478125 0.584375
2 0.7265625 0.3890625 0.728125 0.40625 0.73125 0.409375 0.73125 0.4140625 0.7359375 0.4234375 0.7296875 0.4359375 0.7265625 0.4390625 0.71875 0.440625 0.7171875 0.4515625 0.709375 0.4625 0.709375 0.465625 0.7078125 0.465625 0.7078125 0.453125 0.7109375 0.45 0.7125 0.4125 0.71875 0.403125 0.721875 0.390625 0.725 0.3890625
2 0.5765625 0.80625 0.578125 0.8078125 0.5765625 0.8296875 0.571875 0.834375 0.56875 0.834375 0.5671875 0.8296875 0.5671875 0.81875 0.571875 0.8078125 0.575 0.80625
2 0.33125 0.5375 0.334375 0.5484375 0.3328125 0.559375 0.3390625 0.5671875 0.3375 0.56875 0.3390625 0.5703125 0.3375 0.5828125 0.3390625 0.596875 0.3359375 0.625 0.3328125 0.628125 0.33125 0.6421875 0.3328125 0.65625 0.3296875 0.68125 0.3265625 0.68125 0.325 0.678125 0.328125 0.6546875 0.3265625 0.646875 0.3234375 0.6390625 0.3203125 0.6375 0.315625 0.64375 0.3125 0.6828125 0.309375 0.6875 0.3046875 0.6859375 0.309375 0.66875 0.3109375 0.6265625 0.3125 0.625 0.3078125 0.6140625 0.309375 0.5953125 0.3125 0.5890625 0.315625 0.565625 0.321875 0.559375 0.325 0.55 0.3234375 0.546875 0.325 0.540625 0.3296875 0.5375
2 0.3265625 0.6859375 0.33125 0.6953125 0.3328125 0.7078125 0.33125 0.7171875 0.3328125 0.71875 0.33125 0.7328125 0.3328125 0.746875 0.3296875 0.7625 0.33125 0.78125 0.3296875 0.7875 0.3265625 0.7890625 0.3234375 0.7875 0.325 0.775 0.3234375 0.7609375 0.325 0.75 0.3234375 0.7484375 0.31875 0.7515625 0.309375 0.7859375 0.30625 0.7859375 0.3046875 0.78125 0.30625 0.7703125 0.303125 0.7671875 0.3046875 0.7578125 0.303125 0.75625 0.303125 0.7359375 0.30625 0.728125 0.309375 0.6921875 0.3171875 0.6859375 0.325 0.6859375
2 0.5625 0.734375 0.5671875 0.7375 0.56875 0.7421875 0.5671875 0.7546875 0.5640625 0.759375 0.5640625 0.7671875 0.56875 0.7765625 0.5734375 0.796875 0.5671875 0.8171875 0.5640625 0.81875 0.5640625 0.8296875 0.559375 0.83125 0.553125 0.8390625 0.5515625 0.8578125 0.5484375 0.8609375 0.5421875 0.8515625 0.5453125 0.8453125 0.5453125 0.8375 0.5421875 0.8328125 0.54375 0.8265625 0.534375 0.825 0.534375 0.8171875 0.5421875 0.7734375 0.553125 0.7609375 0.5515625 0.74375 0.5546875 0.7359375 0.5609375 0.734375
2 0.4640625 0.634375 0.46875 0.6328125 0.471875 0.628125 0.4703125 0.6203125 0.4734375 0.609375 0.4796875 0.6078125 0.484375 0.6125 0.4828125 0.621875 0.4890625 0.6421875 0.4875 0.6640625 0.484375 0.665625 0.484375 0.6703125 0.4796875 0.6796875 0.48125 0.6859375 0.4796875 0.7125 0.478125 0.7234375 0.475 0.7265625 0.475 0.7375 0.471875 0.7421875 0.4703125 0.7546875 0.471875 0.775 0.4703125 0.775 0.4640625 0.76875 0.4640625 0.753125 0.4671875 0.7375 0.4671875 0.7265625 0.4640625 0.7234375 0.45625 0.7390625 0.45625 0.7515625 0.453125 0.7546875 0.4515625 0.765625 0.4484375 0.76875 0.44375 0.7671875 0.4515625 0.746875 0.4515625 0.7375 0.45625 0.721875 0.45625 0.7078125 0.459375 0.7046875 0.4578125 0.69375 0.4640625 0.6359375
2 0.7203125 0.4390625 0.725 0.4375 0.7265625 0.4421875 0.725 0.45625 0.73125 0.465625 0.7328125 0.496875 0.7296875 0.5046875 0.728125 0.5 0.725 0.496875 0.7234375 0.4984375 0.7203125 0.5265625 0.7171875 0.5296875 0.7171875 0.5390625 0.7140625 0.5421875 0.7125 0.5515625 0.7078125 0.5515625 0.70625 0.546875 0.709375 0.5359375 0.70625 0.5203125 0.7078125 0.503125 0.70625 0.4984375 0.703125 0.496875 0.703125 0.490625 0.7078125 0.48125 0.7078125 0.4671875 0.7109375 0.459375 0.7125 0.4609375 0.715625 0.4578125 0.7203125 0.440625
2 0.5375 0.4109375 0.5421875 0.4109375 0.5421875 0.4296875 0.546875 0.440625 0.5453125 0.4734375 0.54375 0.4828125 0.5390625 0.48125 0.534375 0.490625 0.5328125 0.503125 0.5375 0.5125 0.534375 0.5265625 0.53125 0.5265625 0.528125 0.5203125 0.525 0.53125 0.5203125 0.5328125 0.521875 0.51875 0.525 0.515625 0.525 0.4953125 0.5234375 0.49375 0.525 0.4828125 0.521875 0.4765625 0.5234375 0.4703125 0.521875 0.465625 0.5265625 0.453125 0.528125 0.4359375 0.534375 0.4234375 0.534375 0.415625 0.5375 0.4125
2 0.025 0.3453125 0.0265625 0.353125 0.03125 0.3578125 0.034375 0.3578125 0.0375 0.3640625 0.0359375 0.3859375 0.0328125 0.3875 0.034375 0.4015625 0.0296875 0.4328125 0.03125 0.4359375 0.0296875 0.45625 0.0171875 0.4546875 0.01875 0.4453125 0.01875 0.421875 0.015625 0.415625 0.0171875 0.4140625 0.015625 0.409375 0.0171875 0.3984375 0.0140625 0.390625 0.009375 0.3921875 0.0140625 0.3828125 0.015625 0.359375 0.01875 0.3546875 0.01875 0.3484375 0.0234375 0.3453125
2 0.5015625 0.7359375 0.50625 0.7421875 0.5078125 0.7515625 0.5046875 0.75625 0.5046875 0.7671875 0.5140625 0.7765625 0.5203125 0.8 0.51875 0.8078125 0.509375 0.8265625 0.5015625 0.8328125 0.5 0.853125 0.4953125 0.8625 0.4921875 0.903125 0.4875 0.9203125 0.4875 0.9296875 0.4828125 0.9296875 0.48125 0.9265625 0.484375 0.9171875 0.4828125 0.9046875 0.4875 0.8734375 0.484375 0.8671875 0.478125 0.8765625 0.4734375 0.9015625 0.4703125 0.903125 0.4703125 0.9171875 0.46875 0.9203125 0.465625 0.9203125 0.4625 0.9171875 0.4640625 0.915625 0.4625 0.9109375 0.4671875 0.9015625 0.4671875 0.8875 0.4703125 0.884375 0.4703125 0.8734375 0.4734375 0.86875 0.4734375 0.859375 0.4765625 0.8484375 0.475 0.84375 0.478125 0.8359375 0.471875 0.8140625 0.4734375 0.7984375 0.4765625 0.7953125 0.4765625 0.7890625 0.484375 0.7703125 0.49375 0.765625 0.4921875 0.75625 0.4953125 0.753125 0.49375 0.75 0.5 0.7375
2 0.70625 0.3234375 0.709375 0.325 0.7109375 0.3296875 0.709375 0.3359375 0.7125 0.340625 0.7109375 0.3625 0.7078125 0.3640625 0.7078125 0.3765625 0.7046875 0.3796875 0.70625 0.40625 0.703125 0.4140625 0.6984375 0.409375 0.69375 0.409375 0.696875 0.4046875 0.6953125 0.39375 0.696875 0.3875 0.69375 0.38125 0.6953125 0.346875 0.696875 0.3375 0.7046875 0.3296875 0.70625 0.325
0 0.7292830240763571 0.49660424988563234 0.7314607003944331 0.4758850437321266 0.7299095317085506 0.4626294536101456 0.7235817241360085 0.4527995852278869 0.7243508225085158 0.43847860942834177 0.7189822342955661 0.44053285921446 0.7072512802041709 0.4681035088474104 0.7045356707770097 0.5149512873998281 0.7073657986090154 0.5440523684129784 0.7114619136462761 0.5471013985962266 0.7192328574702903 0.515186768395434 0.7292830240763571 0.49660424988563234
1 0.5156867074513096 0.7569535759984303 0.5253350457181711 0.7632046795029468 0.5344800091818509 0.7602380871772845 0.5252399852246287 0.7501021325189857 0.5226410226560453 0.7328086481052024 0.5158573705270927 0.7203123573847454 0.5153475097534769 0.690145890694031 0.5054744921936272 0.6930359614506834 0.5015684981434514 0.7161920252353573 0.495199646294572 0.7207596542216538 0.490334432884804 0.7320315998379507 0.48706791840768987 0.7631104090682094 0.49111650319817934 0.759608165759477 0.5033573180631902 0.762203982817241 0.5120053926941222 0.7709684655219355 0.5156867074513096 0.7569535759984303