3 0.5359375 0.6796875 0.5375 0.678125 0.5359375 0.640625 0.5390625 0.6375 0.54375 0.6375 0.546875 0.640625 0.546875 0.6546875 0.5515625 0.6625 0.5515625 0.671875 0.5546875 0.6796875 0.5546875 0.69375 0.55 0.6953125 0.54375 0.7015625 0.54375 0.7125 0.5484375 0.725 0.54375 0.7359375 0.5421875 0.746875 0.5390625 0.7125 0.5359375 0.7078125 0.5296875 0.70625 0.5265625 0.7015625 0.5375 0.6984375 0.5390625 0.6953125 0.5375 0.68125
3 0.5390625 0.803125 0.5375 0.796875 0.5421875 0.7875 0.5453125 0.7703125 0.54375 0.76875 0.54375 0.7421875 0.5484375 0.7296875 0.54375 0.703125 0.5484375 0.696875 0.5546875 0.6984375 0.5546875 0.715625 0.565625 0.7328125 0.565625 0.765625 0.5640625 0.7671875 0.565625 0.7796875 0.5625 0.80625 0.5640625 0.85625 0.565625 0.8578125 0.559375 0.8625 0.5578125 0.871875 0.5484375 0.871875 0.546875 0.86875 0.5515625 0.859375 0.5515625 0.8515625 0.546875 0.815625 0.54375 0.8046875 0.540625 0.803125
3 0.3130101438992238 0.36842486651678 0.31644102597324925 0.36179067242069074 0.3160774895492649 0.3513803513059085 0.3051032125322177 0.3517635815039594 0.3071571961567986 0.3686292559557405 0.3130101438992238 0.36842486651678
2 0.5046875 0.6296875 0.50625 0.6125 0.5140625 0.603125 0.5140625 0.5875 0.5171875 0.584375 0.521875 0.584375 0.5265625 0.590625 0.525 0.628125 0.528125 0.634375 0.5265625 0.640625 0.528125 0.6703125 0.5265625 0.671875 0.5296875 0.684375 0.5265625 0.709375 0.5296875 0.725 0.53125 0.7546875 0.5375 0.76875 0.5359375 0.771875 0.5328125 0.771875 0.528125 0.7625 0.5265625 0.73125 0.5234375 0.7265625 0.5171875 0.7234375 0.5140625 0.7171875 0.5109375 0.7234375 0.5078125 0.725 0.5046875 0.740625 0.5015625 0.7421875 0.5 0.7203125 0.5078125 0.6953125 0.50625 0.6703125 0.503125 0.6671875 0.5015625 0.6578125 0.503125 0.6375 0.50625 0.678125 0.509375 0.68125 0.509375 0.6875 0.5125 0.690625 0.5140625 0.6859375 0.5203125 0.6953125 0.525 0.690625 0.5234375 0.6796875 0.525 0.6640625 0.5203125 0.6609375 0.5203125 0.65625 0.5171875 0.653125 0.5171875 0.6375 0.51875 0.6359375 0.5171875 0.6203125 0.5125 0.615625 0.5078125 0.621875 0.5078125 0.6296875 0.50625 0.6296875
2 0.2921875 0.390625 0.2953125 0.415625 0.29375 0.4171875 0.29375 0.4359375 0.2953125 0.4375 0.29375 0.4515625 0.2875 0.4390625 0.2859375 0.4265625 0.2828125 0.4234375 0.278125 0.4234375 0.2703125 0.4109375 0.271875 0.4015625 0.28125 0.384375 0.2796875 0.3828125 0.28125 0.375 0.284375 0.3734375 0.2875 0.3765625 0.290625 0.390625
2 0.409375 0.6921875 0.4140625 0.7015625 0.415625 0.7296875 0.4140625 0.73125 0.4140625 0.7625 0.40625 0.7921875 0.4015625 0.790625 0.3984375 0.7734375 0.39375 0.76875 0.39375 0.740625 0.3921875 0.73125 0.3890625 0.7265625 0.3890625 0.715625 0.390625 0.7 0.3953125 0.6953125 0.3953125 0.6890625 0.390625 0.68125 0.390625 0.66875 0.3953125 0.6640625 0.4015625 0.665625 0.4046875 0.6875 0.4078125 0.6921875
2 0.665625 0.55 0.66875 0.55 0.6734375 0.5578125 0.671875 0.56875 0.678125 0.5765625 0.6828125 0.6046875 0.6828125 0.628125 0.68125 0.6296875 0.6828125 0.6328125 0.6796875 0.6359375 0.6796875 0.653125 0.678125 0.6546875 0.68125 0.7 0.678125 0.7015625 0.675 0.696875 0.6734375 0.65625 0.6703125 0.65 0.6640625 0.6546875 0.6625 0.659375 0.6609375 0.665625 0.6625 0.690625 0.6609375 0.69375 0.6578125 0.6921875 0.65625 0.6765625 0.6578125 0.6375 0.6546875 0.6328125 0.6546875 0.6 0.65625 0.5984375 0.6546875 0.58125 0.6625 0.5703125 0.6625 0.559375 0.665625 0.5515625
2 0.66875 0.6984375 0.6765625 0.70625 0.678125 0.7484375 0.6796875 0.75 0.678125 0.78125 0.675 0.784375 0.675 0.7953125 0.6734375 0.7984375 0.6703125 0.7984375 0.665625 0.7703125 0.659375 0.759375 0.65625 0.7625 0.6578125 0.7734375 0.6546875 0.8 0.65 0.7984375 0.6484375 0.7921875 0.6515625 0.7796875 0.65 0.7671875 0.65 0.7453125 0.653125 0.728125 0.6515625 0.7203125 0.6578125 0.7 0.6671875 0.6984375
2 0.4296875 0.73125 0.43125 0.7453125 0.428125 0.75625 0.4390625 0.7703125 0.440625 0.7765625 0.44375 0.821875 0.434375 0.8234375 0.434375 0.8296875 0.43125 0.834375 0.4328125 0.8484375 0.428125 0.85625 0.4234375 0.853125 0.4234375 0.834375 0.4140625 0.825 0.4140625 0.8171875 0.40625 0.7921875 0.4125 0.7703125 0.4171875 0.7625 0.415625 0.7484375 0.4171875 0.73125 0.41875 0.7296875 0.428125 0.73125
2 0.5171875 0.609375 0.5203125 0.6140625 0.51875 0.6296875 0.5234375 0.6359375 0.5265625 0.6359375 0.5265625 0.678125 0.528125 0.6796875 0.5265625 0.7078125 0.53125 0.7359375 0.53125 0.75 0.5375 0.7703125 0.5328125 0.771875 0.528125 0.7640625 0.525 0.7328125 0.5234375 0.728125 0.51875 0.7265625 0.5171875 0.728125 0.5171875 0.7671875 0.51875 0.76875 0.5109375 0.7765625 0.509375 0.7765625 0.5109375 0.7421875 0.5046875 0.7125 0.5078125 0.68125 0.5015625 0.6640625 0.5015625 0.6421875 0.5078125 0.6234375 0.5078125 0.6125 0.5109375 0.609375 0.515625 0.609375
2 0.2796875 0.421875 0.2859375 0.4265625 0.2859375 0.4359375 0.2875 0.4421875 0.2921875 0.4453125 0.29375 0.45 0.2953125 0.4703125 0.2984375 0.4765625 0.2984375 0.4828125 0.2953125 0.4828125 0.2921875 0.4890625 0.29375 0.50625 0.2890625 0.5171875 0.290625 0.5328125 0.2890625 0.5359375 0.2828125 0.534375 0.28125 0.5140625 0.278125 0.5046875 0.2765625 0.475 0.275 0.4734375 0.2734375 0.475 0.271875 0.4875 0.2703125 0.4890625 0.26875 0.484375 0.2703125 0.4546875 0.2734375 0.446875 0.278125 0.4421875 0.2796875 0.4234375
2 0.46875 0.4078125 0.4765625 0.434375 0.4765625 0.4515625 0.48125 0.4640625 0.475 0.49375 0.475 0.515625 0.478125 0.53125 0.4734375 0.5296875 0.4703125 0.5171875 0.4671875 0.5234375 0.4640625 0.5234375 0.4625 0.509375 0.465625 0.50625 0.465625 0.4875 0.4640625 0.4796875 0.4625 0.478125 0.4578125 0.4796875 0.4578125 0.4578125 0.45625 0.45625 0.4578125 0.4359375 0.4640625 0.4234375 0.4625 0.4125 0.4671875 0.4078125
2 0.984375 0.3796875 0.990625 0.38125 0.9953125 0.4203125 0.99375 0.421875 0.996875 0.4234375 0.996875 0.4265625 0.99375 0.425 0.990625 0.4265625 0.9890625 0.4328125 0.9875 0.4453125 0.9890625 0.45 0.9859375 0.4546875 0.9828125 0.4796875 0.984375 0.4890625 0.9828125 0.490625 0.978125 0.4875 0.971875 0.4890625 0.971875 0.46875 0.9734375 0.4671875 0.971875 0.4234375 0.9734375 0.4203125 0.9703125 0.403125 0.971875 0.3921875 0.9796875 0.390625 0.984375 0.38125
2 0.4953125 0.76875 0.5 0.778125 0.5046875 0.796875 0.50625 0.815625 0.4984375 0.8375 0.5 0.8390625 0.4984375 0.8484375 0.503125 0.871875 0.5046875 0.9015625 0.509375 0.9140625 0.5046875 0.9234375 0.5015625 0.921875 0.5015625 0.9046875 0.4984375 0.9015625 0.4953125 0.8765625 0.490625 0.8671875 0.4875 0.8734375 0.4875 0.903125 0.4890625 0.9046875 0.4875 0.9296875 0.4828125 0.9296875 0.4828125 0.915625 0.4796875 0.9046875 0.4796875 0.8625 0.4765625 0.859375 0.475 0.8515625 0.475 0.83125 0.46875 0.8265625 0.465625 0.815625 0.4609375 0.809375 0.459375 0.7984375 0.4671875 0.775 0.4765625 0.765625 0.475 0.75 0.4765625 0.7421875 0.48125 0.7359375 0.484375 0.7375 0.4890625 0.75 0.4875 0.765625 0.49375 0.76875
2 0.30625 0.309375 0.3078125 0.315625 0.315625 0.325 0.315625 0.3546875 0.3140625 0.35625 0.3140625 0.371875 0.3109375 0.38125 0.3125 0.396875 0.3078125 0.396875 0.303125 0.4 0.3015625 0.3953125 0.3046875 0.371875 0.3015625 0.3640625 0.3 0.3484375 0.3 0.3234375 0.303125 0.3109375 0.3046875 0.3109375
0 0.280487200085396 0.4229785501839318 0.2802554442005714 0.4373182903966274 0.27325735389352623 0.4466828081707625 0.2707853005522941 0.4597979042837205 0.2715123734002629 0.48061854651328506 0.28024180734106824 0.4998568631249311 0.2857675694728383 0.5322358245294053 0.29006639617366115 0.5294799521714894 0.29491961875012923 0.5006471796668778 0.29547856024560887 0.4537240886107474 0.28569941346601413 0.42540228970353694 0.280487200085396 0.4229785501839318
1 0.4833545293071741 0.7155559794280958 0.481073335417603 0.6921838542795758 0.471425969177168 0.6886121166998433 0.4688130440571074 0.7186695333041925 0.46117421938825515 0.7306621800368933 0.457375255270411 0.7477322439276348 0.4474506910921532 0.7571989564212501 0.4563664388647852 0.7607962426808527 0.466427329202037 0.7552334006052808 0.46912204718842493 0.7694709460984962 0.4783604349518775 0.7613310724240987 0.490752506851533 0.7595954547269599 0.4945469253495428 0.763371581745653 0.49345631607758966 0.7321406184013062 0.48938924526159155 0.7205567505465265 0.4833545293071741 0.7155559794280958