3 0.4578125 0.353125 0.4703125 0.3546875 0.4765625 0.359375 0.4796875 0.3703125 0.4796875 0.4109375 0.471875 0.4265625 0.471875 0.4359375 0.4734375 0.4421875 0.484375 0.453125 0.4953125 0.4609375 0.4984375 0.4609375 0.5046875 0.4703125 0.5109375 0.4890625 0.5125 0.5109375 0.521875 0.540625 0.51875 0.5546875 0.515625 0.5578125 0.515625 0.5703125 0.51875 0.578125 0.51875 0.6359375 0.5171875 0.6375 0.51875 0.703125 0.5125 0.7171875 0.5078125 0.7140625 0.509375 0.7015625 0.5078125 0.7 0.50625 0.703125 0.5015625 0.703125 0.4984375 0.70625 0.4953125 0.7265625 0.496875 0.76875 0.49375 0.7875 0.490625 0.7890625 0.490625 0.821875 0.496875 0.859375 0.4953125 0.8609375 0.4953125 0.8890625 0.490625 0.9171875 0.490625 0.934375 0.4890625 0.946875 0.4859375 0.95 0.4859375 0.9921875 0.478125 0.99375 0.4625 0.9828125 0.4625 0.9734375 0.4671875 0.9671875 0.471875 0.95 0.475 0.946875 0.4765625 0.9234375 0.4734375 0.9125 0.475 0.896875 0.4703125 0.86875 0.471875 0.85625 0.4703125 0.8375 0.465625 0.8234375 0.465625 0.8109375 0.4625 0.8 0.459375 0.7703125 0.4578125 0.76875 0.4546875 0.7703125 0.453125 0.78125 0.453125 0.8125 0.45 0.83125 0.45 0.8578125 0.4484375 0.859375 0.45 0.871875 0.446875 0.903125 0.44375 0.9109375 0.4375 0.9078125 0.4265625 0.9078125 0.425 0.9046875 0.4265625 0.896875 0.4234375 0.8796875 0.4234375 0.8578125 0.4265625 0.8515625 0.4265625 0.8125 0.428125 0.8109375 0.425 0.8015625 0.4109375 0.7984375 0.4109375 0.7828125 0.409375 0.78125 0.4109375 0.7234375 0.4140625 0.7171875 0.415625 0.678125 0.41875 0.675 0.4171875 0.65625 0.415625 0.6546875 0.4140625 0.65625 0.4125 0.671875 0.40625 0.69375 0.40625 0.7140625 0.4046875 0.721875 0.4015625 0.725 0.403125 0.7375 0.4 0.7546875 0.3984375 0.7578125 0.3953125 0.7578125 0.390625 0.746875 0.390625 0.7234375 0.39375 0.7203125 0.396875 0.7015625 0.396875 0.6859375 0.4015625 0.6671875 0.403125 0.60625 0.40625 0.5890625 0.409375 0.584375 0.409375 0.575 0.4046875 0.565625 0.4046875 0.546875 0.4078125 0.5421875 0.4140625 0.5 0.4171875 0.4953125 0.41875 0.4828125 0.428125 0.46875 0.4453125 0.45 0.4390625 0.425 0.440625 0.38125 0.4421875 0.371875 0.4484375 0.359375 0.45625 0.3546875
3 0.85625 0.321875 0.8625 0.3265625 0.8703125 0.3484375 0.86875 0.371875 0.865625 0.375 0.8625 0.3890625 0.8578125 0.3953125 0.85625 0.4140625 0.8875 0.4609375 0.8953125 0.496875 0.896875 0.5078125 0.8953125 0.509375 0.903125 0.528125 0.9015625 0.54375 0.903125 0.5734375 0.8984375 0.5828125 0.8890625 0.5828125 0.878125 0.575 0.8703125 0.5640625 0.865625 0.5671875 0.8625 0.5984375 0.8640625 0.640625 0.859375 0.6875 0.8609375 0.7390625 0.8625 0.740625 0.8609375 0.775 0.859375 0.7796875 0.8546875 0.7828125 0.853125 0.78125 0.8484375 0.7859375 0.846875 0.865625 0.840625 0.9078125 0.8359375 0.915625 0.8296875 0.9484375 0.8296875 0.9640625 0.8390625 0.978125 0.8390625 0.9890625 0.828125 0.9984375 0.809375 0.9984375 0.809375 0.9734375 0.8109375 0.9609375 0.815625 0.9484375 0.815625 0.909375 0.81875 0.896875 0.815625 0.8671875 0.81875 0.8546875 0.8234375 0.809375 0.8203125 0.8 0.8203125 0.778125 0.8078125 0.7609375 0.8046875 0.7609375 0.7953125 0.7703125 0.7921875 0.7765625 0.790625 0.7921875 0.7875 0.8 0.790625 0.815625 0.7890625 0.828125 0.7921875 0.853125 0.790625 0.8640625 0.7875 0.86875 0.7890625 0.909375 0.7859375 0.921875 0.7859375 0.9375 0.7921875 0.9515625 0.790625 0.9546875 0.7953125 0.9703125 0.790625 0.978125 0.7875 0.978125 0.7765625 0.9859375 0.7734375 0.9921875 0.7671875 0.996875 0.7609375 0.9984375 0.753125 0.99375 0.753125 0.984375 0.7609375 0.9703125 0.7625 0.959375 0.7703125 0.946875 0.771875 0.9390625 0.771875 0.921875 0.76875 0.9078125 0.7703125 0.903125 0.765625 0.8859375 0.7625 0.853125 0.7625 0.81875 0.7671875 0.771875 0.765625 0.7359375 0.76875 0.728125 0.76875 0.69375 0.7703125 0.684375 0.7734375 0.6796875 0.7734375 0.65 0.778125 0.6390625 0.78125 0.6171875 0.784375 0.609375 0.784375 0.596875 0.78125 0.5875 0.790625 0.5484375 0.790625 0.534375 0.7875 0.53125 0.7828125 0.534375 0.7734375 0.5484375 0.75625 0.5515625 0.753125 0.5328125 0.75625 0.515625 0.7546875 0.5078125 0.75625 0.49375 0.759375 0.4875 0.7703125 0.4765625 0.7859375 0.4421875 0.79375 0.4328125 0.8046875 0.425 0.8078125 0.425 0.8265625 0.4078125 0.8265625 0.3890625 0.828125 0.3875 0.8265625 0.371875 0.83125 0.3515625 0.83125 0.334375 0.8453125 0.3203125 0.8515625 0.31875 0.8546875 0.321875
1 0.3386576725601519 0.40055865699619647 0.31318280672620163 0.37491439187326653 0.310210890801991 0.37611348729313404 0.28895760442237045 0.4183662475351192 0.2828819920347895 0.44551449970233215 0.27932842066127295 0.50532274875259 0.2806689682973882 0.5718162892586772 0.27460244714947596 0.6406569232447591 0.28444067284157193 0.6735724069265047 0.2913433334227865 0.6646933140699007 0.29152510163477874 0.6594881535125097 0.28795789340175915 0.6567578298344637 0.29037995907015873 0.6503280251773351 0.3071617417766331 0.652216934953694 0.3130192351388926 0.6732675153020892 0.324770572676741 0.6723750040406623 0.32947837785454615 0.6634192651444483 0.3383032415211819 0.6624245591635411 0.34296560464598913 0.6547701104066748 0.34556489290654663 0.6222889542827204 0.3523312273287671 0.6173137318441599 0.35424888479435385 0.6043519278104221 0.34751435556562826 0.5454872873813312 0.3551486346146461 0.5366337432045974 0.3561983474534355 0.527550260909033 0.3468009054318169 0.4190833031055061 0.3386576725601519 0.40055865699619647
2 0.64375 0.1703125 0.653125 0.178125 0.6578125 0.1859375 0.653125 0.234375 0.65 0.2390625 0.646875 0.253125 0.6375 0.2671875 0.6453125 0.2859375 0.6484375 0.3046875 0.65 0.353125 0.6546875 0.3671875 0.653125 0.3703125 0.6609375 0.384375 0.6671875 0.403125 0.6875 0.4234375 0.6890625 0.44375 0.684375 0.4515625 0.678125 0.4515625 0.675 0.4484375 0.6671875 0.428125 0.6546875 0.4171875 0.6546875 0.4125 0.646875 0.4109375 0.64375 0.415625 0.64375 0.4515625 0.6453125 0.453125 0.64375 0.475 0.646875 0.4828125 0.64375 0.5046875 0.6453125 0.546875 0.6421875 0.55 0.6421875 0.575 0.634375 0.5921875 0.621875 0.6015625 0.6125 0.621875 0.6125 0.6375 0.609375 0.64375 0.6109375 0.659375 0.621875 0.6796875 0.6203125 0.6859375 0.6140625 0.690625 0.6015625 0.6921875 0.596875 0.6984375 0.5953125 0.70625 0.590625 0.70625 0.584375 0.6953125 0.58125 0.6859375 0.5828125 0.6796875 0.58125 0.66875 0.5765625 0.6453125 0.5734375 0.640625 0.5734375 0.625 0.5921875 0.6125 0.59375 0.596875 0.596875 0.590625 0.596875 0.5625 0.6 0.5484375 0.6 0.5375 0.59375 0.521875 0.5921875 0.496875 0.5859375 0.4640625 0.5875 0.45625 0.584375 0.434375 0.5859375 0.396875 0.58125 0.3921875 0.5765625 0.403125 0.5765625 0.4109375 0.5734375 0.4140625 0.5734375 0.4234375 0.5703125 0.4328125 0.5703125 0.4546875 0.5609375 0.475 0.5578125 0.478125 0.55 0.475 0.546875 0.4609375 0.553125 0.45 0.5546875 0.440625 0.5609375 0.428125 0.5609375 0.415625 0.565625 0.403125 0.5671875 0.375 0.5703125 0.365625 0.5703125 0.3484375 0.575 0.3328125 0.5828125 0.321875 0.5828125 0.3015625 0.5875 0.28125 0.590625 0.2765625 0.590625 0.2703125 0.59375 0.2640625 0.609375 0.25 0.6203125 0.2296875 0.6171875 0.1921875 0.6234375 0.178125 0.6328125 0.16875 0.6421875 0.1703125
2 0.0265625 0.809375 0.028125 0.809375 0.0328125 0.834375 0.028125 0.8671875 0.028125 0.884375 0.025 0.896875 0.028125 0.90625 0.0296875 0.93125 0.028125 0.940625 0.0203125 0.9390625 0.0203125 0.8953125 0.021875 0.89375 0.01875 0.86875 0.021875 0.8625 0.021875 0.8390625 0.0265625 0.8109375
2 0.2625 0.246875 0.275 0.253125 0.2875 0.2703125 0.2875 0.2859375 0.284375 0.2921875 0.2859375 0.3171875 0.2828125 0.3265625 0.2828125 0.34375 0.2765625 0.35625 0.2765625 0.3640625 0.2828125 0.3703125 0.296875 0.39375 0.296875 0.403125 0.2859375 0.41875 0.284375 0.428125 0.28125 0.4328125 0.28125 0.4515625 0.278125 0.4546875 0.2765625 0.5421875 0.2734375 0.546875 0.2734375 0.5640625 0.2703125 0.578125 0.271875 0.58125 0.2703125 0.5875 0.271875 0.703125 0.2640625 0.7515625 0.2625 0.809375 0.2609375 0.8109375 0.2625 0.88125 0.265625 0.9 0.2625 0.921875 0.24375 0.9203125 0.2390625 0.9140625 0.2390625 0.9 0.24375 0.875 0.24375 0.85625 0.2484375 0.8484375 0.2484375 0.8296875 0.25 0.828125 0.246875 0.809375 0.2515625 0.80625 0.25 0.79375 0.2546875 0.7859375 0.2546875 0.765625 0.259375 0.746875 0.259375 0.725 0.2640625 0.7171875 0.2640625 0.709375 0.2609375 0.7015625 0.2609375 0.6734375 0.25625 0.646875 0.2578125 0.565625 0.2546875 0.540625 0.2578125 0.521875 0.25625 0.5140625 0.2578125 0.4875 0.25625 0.478125 0.2375 0.45625 0.2375 0.4515625 0.2421875 0.44375 0.24375 0.4265625 0.2359375 0.3921875 0.234375 0.3671875 0.24375 0.3484375 0.24375 0.328125 0.2328125 0.30625 0.234375 0.2734375 0.2421875 0.2578125 0.246875 0.253125 0.2609375 0.2484375
2 0.8671875 0.665625 0.8734375 0.6703125 0.875 0.678125 0.871875 0.709375 0.875 0.73125 0.8734375 0.7390625 0.8671875 0.746875 0.8671875 0.7875 0.8703125 0.803125 0.8703125 0.8140625 0.8671875 0.821875 0.8671875 0.865625 0.8640625 0.8703125 0.8625 0.9015625 0.859375 0.9109375 0.859375 0.9171875 0.8640625 0.928125 0.8640625 0.9421875 0.8671875 0.9484375 0.8671875 0.9546875 0.865625 0.965625 0.859375 0.9703125 0.8515625 0.9703125 0.8453125 0.9671875 0.8421875 0.9609375 0.84375 0.953125 0.8421875 0.9515625 0.8421875 0.93125 0.846875 0.9078125 0.8484375 0.8015625 0.85 0.7875 0.8609375 0.7796875 0.8625 0.7734375 0.8625 0.75625 0.8640625 0.7546875 0.8625 0.696875 0.8671875 0.684375 0.8671875 0.6671875
2 0.94375 0.296875 0.9515625 0.321875 0.95 0.33125 0.9515625 0.3390625 0.9453125 0.3671875 0.9375 0.3828125 0.9390625 0.3921875 0.9453125 0.4015625 0.9609375 0.4171875 0.9703125 0.4515625 0.9625 0.5390625 0.959375 0.5546875 0.965625 0.6359375 0.9625 0.6453125 0.9640625 0.653125 0.9625 0.684375 0.959375 0.6890625 0.95625 0.7046875 0.953125 0.7734375 0.95 0.778125 0.95 0.7890625 0.9578125 0.8078125 0.9609375 0.821875 0.959375 0.8234375 0.9609375 0.884375 0.9671875 0.9015625 0.965625 0.9171875 0.96875 0.9484375 0.9609375 0.96875 0.9546875 0.9734375 0.95 0.9734375 0.946875 0.9703125 0.9453125 0.9640625 0.946875 0.9375 0.94375 0.915625 0.946875 0.8921875 0.9453125 0.8734375 0.9390625 0.84375 0.9328125 0.83125 0.9296875 0.8125 0.9203125 0.79375 0.91875 0.7953125 0.91875 0.828125 0.921875 0.846875 0.921875 0.865625 0.9203125 0.8671875 0.921875 0.928125 0.9265625 0.9421875 0.9296875 0.9703125 0.925 0.978125 0.90625 0.9875 0.896875 0.9859375 0.89375 0.98125 0.8953125 0.9703125 0.9078125 0.9453125 0.9078125 0.93125 0.9046875 0.925 0.903125 0.90625 0.8984375 0.89375 0.896875 0.8734375 0.89375 0.865625 0.8953125 0.8578125 0.89375 0.85625 0.8921875 0.8203125 0.8953125 0.815625 0.89375 0.8140625 0.8921875 0.7734375 0.8890625 0.7703125 0.8765625 0.7703125 0.875 0.7671875 0.8765625 0.73125 0.8796875 0.715625 0.8796875 0.6859375 0.8828125 0.68125 0.88125 0.615625 0.884375 0.5984375 0.8875 0.5953125 0.8890625 0.5875 0.8984375 0.5859375 0.903125 0.5828125 0.90625 0.5515625 0.90625 0.53125 0.8984375 0.5078125 0.9 0.50625 0.896875 0.4984375 0.896875 0.4875 0.890625 0.4640625 0.890625 0.4328125 0.8984375 0.41875 0.909375 0.40625 0.909375 0.3984375 0.9015625 0.3734375 0.903125 0.371875 0.9015625 0.328125 0.9046875 0.3140625 0.9078125 0.30625 0.9171875 0.296875 0.925 0.29375 0.9390625 0.29375 0.9421875 0.296875
2 0.090625 0.3453125 0.096875 0.3578125 0.103125 0.3625 0.10625 0.3703125 0.10625 0.384375 0.1015625 0.40625 0.0984375 0.4453125 0.0953125 0.4515625 0.08125 0.4625 0.08125 0.471875 0.0921875 0.4921875 0.090625 0.496875 0.09375 0.50625 0.0921875 0.5828125 0.0875 0.59375 0.0890625 0.625 0.0859375 0.6296875 0.0859375 0.671875 0.084375 0.6734375 0.090625 0.6953125 0.090625 0.7046875 0.0859375 0.7109375 0.08125 0.7109375 0.075 0.6984375 0.071875 0.6953125 0.06875 0.696875 0.0671875 0.784375 0.0640625 0.7921875 0.0640625 0.803125 0.0609375 0.8078125 0.059375 0.84375 0.05625 0.853125 0.0578125 0.8546875 0.0578125 0.8953125 0.0546875 0.925 0.05625 0.9296875 0.0515625 0.9421875 0.05 0.978125 0.0453125 0.9828125 0.0328125 0.9796875 0.0296875 0.959375 0.03125 0.9203125 0.028125 0.8953125 0.0296875 0.89375 0.03125 0.8515625 0.034375 0.8484375 0.034375 0.83125 0.0296875 0.8078125 0.028125 0.80625 0.025 0.8078125 0.021875 0.821875 0.021875 0.8359375 0.01875 0.8515625 0.0203125 0.8640625 0.015625 0.865625 0 0.8484375 0 0.625 0.003125 0.6203125 0.0078125 0.6 0.0140625 0.5375 0.0203125 0.515625 0.0203125 0.496875 0.0390625 0.4578125 0.0515625 0.446875 0.0546875 0.4453125 0.05625 0.446875 0.0609375 0.440625 0.05625 0.421875 0.05 0.409375 0.0515625 0.3734375 0.05625 0.3609375 0.065625 0.35 0.0796875 0.34375 0.0890625 0.3453125
2 0.221875 0.3515625 0.2296875 0.353125 0.234375 0.359375 0.2328125 0.3765625 0.2421875 0.421875 0.240625 0.4421875 0.2328125 0.4578125 0.253125 0.475 0.25625 0.484375 0.2546875 0.540625 0.253125 0.5421875 0.25625 0.63125 0.253125 0.634375 0.253125 0.6484375 0.25625 0.66875 0.259375 0.6734375 0.2578125 0.68125 0.259375 0.696875 0.2578125 0.7078125 0.259375 0.709375 0.2578125 0.7171875 0.25625 0.7171875 0.2578125 0.7109375 0.2515625 0.6984375 0.2546875 0.6921875 0.25 0.6875 0.24375 0.6859375 0.240625 0.68125 0.2375 0.68125 0.2328125 0.6890625 0.23125 0.703125 0.2203125 0.734375 0.21875 0.7703125 0.228125 0.778125 0.2375 0.7734375 0.24375 0.7734375 0.2453125 0.771875 0.24375 0.76875 0.25 0.7671875 0.2515625 0.7875 0.2484375 0.7921875 0.2453125 0.8109375 0.246875 0.846875 0.240625 0.8609375 0.2390625 0.896875 0.2359375 0.9 0.234375 0.9125 0.2296875 0.9171875 0.2265625 0.940625 0.2203125 0.95625 0.21875 0.9734375 0.2140625 0.9875 0.1890625 0.9859375 0.1859375 0.9671875 0.1828125 0.9609375 0.1828125 0.94375 0.184375 0.9421875 0.1828125 0.9390625 0.1828125 0.903125 0.1875 0.8921875 0.1890625 0.8296875 0.1859375 0.8125 0.1875 0.803125 0.184375 0.7859375 0.184375 0.765625 0.1828125 0.7640625 0.184375 0.7625 0.178125 0.7375 0.1796875 0.653125 0.1625 0.6359375 0.159375 0.628125 0.1515625 0.6203125 0.1421875 0.6046875 0.1328125 0.5859375 0.134375 0.5828125 0.1328125 0.5703125 0.1359375 0.5640625 0.140625 0.5390625 0.15 0.525 0.1625 0.496875 0.1671875 0.49375 0.175 0.4765625 0.1953125 0.459375 0.2046875 0.4484375 0.1890625 0.4109375 0.190625 0.38125 0.196875 0.3671875 0.203125 0.3609375 0.2203125 0.353125
0 0.5930518574246479 0.2895776126917609 0.6095609878131338 0.2992742633042067 0.6116149714377147 0.2824085888524256 0.5964781938788389 0.27536561587841557 0.5930518574246479 0.2895776126917609
0 0.6391165471772398 0.16611003406696728 0.6279150598952022 0.17223325456565525 0.6209669572609896 0.18241363756160706 0.6189584156894068 0.1979780218740403 0.6208851643946622 0.2267085996591717 0.6144869120162605 0.2421196918923846 0.5962464379940143 0.2610258756657199 0.5856902306936183 0.29062341603240804 0.5808506449766534 0.3243292162561001 0.571389592568045 0.34354198418787607 0.5621239452309317 0.4200881642905646 0.549100230209138 0.4574167994537294 0.551435957391376 0.47443576598473075 0.5586158159104133 0.47859512320147457 0.5712759945082226 0.45167680915309216 0.5742433648125989 0.42963152282379014 0.586362784394266 0.4391748813570156 0.5892529074521493 0.48227074803471276 0.5997818551788847 0.5373592614451105 0.6000136110637093 0.5516990016578063 0.5944923945517737 0.6049241539717147 0.587544291917561 0.6151045369676666 0.5764336887415196 0.6186251771876591 0.5725483861375136 0.6250038844850476 0.5722302917665274 0.6341129154604821 0.579414695905399 0.6591184635866606 0.58477232668468 0.6944832354678813 0.5924565934065302 0.705174592061234 0.5984004252549515 0.7027764012214991 0.6031991145387527 0.6912180820465894 0.6171907495330087 0.6891009266854249 0.6240025260082273 0.6828244141075166 0.621439588560999 0.672311898273254 0.6848131831767043 0.4517329841149079 0.6918067278639148 0.4402513109796085 0.6894710006816771 0.4232323444486072 0.6669226087189393 0.3976902740451574 0.6541579091556307 0.3646725956439318 0.6509905881599247 0.3085382788928868 0.6460464814774605 0.28230808666697066 0.6399617778502108 0.2677639570153145 0.6517994538742208 0.24342267456575759 0.6591519893655817 0.2006844894062413 0.658920233480757 0.1863447491935457 0.6499090559822946 0.17169842482240932 0.6391165471772398 0.16611003406696728