2 0.6810549119678599 0.6003937486027973 0.6777928821736944 0.6130840967298707 0.6674626671443304 0.6234661965524413 0.6562264573591314 0.6455548839812433 0.6449904078143465 0.6781626311441025 0.6216115127668712 0.7024894144057667 0.618893208018538 0.716571057756347 0.6355665080216456 0.697876262828556 0.6536897681870416 0.6846447651191258 0.6611203833726568 0.6843741903279474 0.6689136688693098 0.6973033820421737 0.6671019998384679 0.741754676722751 0.6797884101465763 0.7409078761133957 0.6745323746634619 0.725705512330487 0.6759816938640942 0.6890925706126194 0.6714504381616067 0.6634730307713198 0.6895730573653467 0.6081652941256611 0.6884855271534752 0.600123173811619 0.6810549119678599 0.6003937486027973
2 0.8731640175436406 0.6273929226543473 0.8508725725878298 0.654502296363025 0.8483354828147049 0.6672945281657647 0.8519603431603224 0.6783230062781531 0.850510623358655 0.6886382986608778 0.8575790489544743 0.7067251365664663 0.8622911991513422 0.710017145391811 0.8610224539642625 0.7032644366256094 0.8655532289455079 0.6973267972647376 0.8671841637223837 0.6857220933341723 0.8737084636713357 0.6761199866811112 0.8744332434519624 0.6657028106227203 0.8822262084677874 0.6575938828688322 0.891106383214656 0.6364889559608721 0.8918311629952826 0.6260717799024812 0.8834943126932113 0.6222703526988054 0.8731640175436406 0.6273929226543473
3 0.20150400342147967 0.3305057972689884 0.19461783436355976 0.3795034360869307 0.19661175993230134 0.4021366181298842 0.20839201524416065 0.40247734539270325 0.211110079631873 0.37261711244103735 0.2196275840677037 0.3383124190276726 0.21890248380624894 0.3276914756179492 0.21292150830209416 0.31238722815937436 0.20150400342147967 0.3305057972689884
3 0.8352869630370077 0.6917582713389155 0.8316625834126322 0.7122869724286987 0.8222385233795174 0.7214815443790948 0.8166204585470215 0.7351556530270102 0.8111839291705618 0.7685784695951992 0.8133597106761681 0.8319984790265407 0.8245962409421951 0.8309479110658531 0.8284020759023998 0.8249083880293149 0.830214225654484 0.8120142725509091 0.8264080702134512 0.7970156761193328 0.8340194196530328 0.7638985105781425 0.8479739341865651 0.7277281797987603 0.8416304486117865 0.7097432255688378 0.8452549083563689 0.6944740543460832 0.8416301281309584 0.6887051061007237 0.8352869630370077 0.6917582713389155
3 0.6252322869819313 0.44528186929969776 0.6243264524665102 0.4675075166399865 0.6163525929563047 0.49794397540982943 0.613453233473177 0.5238340900423073 0.6156280535362992 0.524139741069306 0.6196150233515053 0.5115512766178989 0.6274081486077444 0.5139614085980678 0.6259584288060771 0.5242767009807926 0.6313955190239857 0.5276705934818036 0.6391881635589827 0.49852354625980116 0.6416040624628155 0.465553232491357 0.6471616224681531 0.44178943815481536 0.6420867218400403 0.42003813295703757 0.6252322869819313 0.44528186929969776
1 0.510695849788061 0.6974202717628912 0.5085212700855599 0.7128932103369783 0.4894921754047429 0.7483503553866969 0.4887673956241163 0.7587675314450879 0.49384213601181504 0.7699997769088085 0.49329865132660383 0.7843870712863875 0.497285781382224 0.7823176665690375 0.49837299111326755 0.7693216674149653 0.5052596408924295 0.7518812077991945 0.5148649159007528 0.7413972243009577 0.5135961707136728 0.7346445155347561 0.5192142355461689 0.7209704068868408 0.5208450100826305 0.6988466432222183 0.5166765048113879 0.6916863997533518 0.510695849788061 0.6974202717628912
0 0.5427737847274033 0.658537503008136 0.5386055999369888 0.6724153790073838 0.527912874837001 0.680116772058607 0.5221135149090894 0.6898207623873343 0.5195766654965857 0.7183915837911596 0.5280948108940724 0.7261631293140235 0.5280951313749005 0.7472012487821378 0.5317199917205178 0.7582297268945261 0.5306331024703023 0.7922638455167125 0.5418696327363294 0.7912132775560247 0.5367948122284237 0.7747215022252754 0.5377005666236377 0.7472363250179581 0.5340755460376063 0.7256887871715128 0.5355251857190666 0.7101139649217594 0.5500234252984312 0.6753349293658839 0.5525605150715561 0.6625426975631443 0.5503856148882271 0.6569775166691171 0.5427737847274033 0.658537503008136
0 0.7658703305829955 0.4440091829108315 0.7491971908203018 0.4732230375726797 0.7461165362417587 0.4951430338859696 0.7383237314663476 0.5137710213739148 0.7421297266669665 0.5182505580714339 0.7497413965873762 0.5061715119983579 0.7551784066850776 0.5043058746323402 0.7584407569600712 0.5126536459733811 0.7564475524731926 0.5373562327336849 0.7586224526565217 0.5429214136277121 0.7618846426911013 0.5407501252346958 0.7671401173327664 0.5191357799484045 0.7749322811465215 0.45843155352423065 0.7723947907723615 0.44492613599182745 0.7658703305829955 0.4440091829108315
2 0.5866292508915668 0.44117144603722835 0.5641573921626177 0.5221655299640326 0.5625265375059489 0.5390297637616264 0.5730381277509354 0.5378773121252723 0.5871740175000901 0.5109366295321066 0.5947850464588437 0.456781344522802 0.592791201010309 0.439407692346877 0.5866292508915668 0.44117144603722835
2 0.3307272662289675 0.5261756954687076 0.3174984127983389 0.6097836787270132 0.3254727530297864 0.6109043991593418 0.3261976129306201 0.6057467529679794 0.33743398295623306 0.5941771252732344 0.34486467826205536 0.5991660803490847 0.3490330232928841 0.5958072640838941 0.34323318264373054 0.57395407521045 0.34975692175123363 0.5275352594881889 0.3629864962637252 0.49126304503314033 0.3531997659195726 0.48725785047813197 0.3307272662289675 0.5261756954687076
2 0.04401384844830971 0.5095485861443436 0.04945069830559724 0.4971638890442689 0.048544062588106056 0.4667942377142717 0.043469322200407313 0.45556199225055105 0.04365029681499468 0.43849399110162474 0.036400896604587896 0.4374751543449625 0.022808812021472346 0.47106666202866354 0.01809722266605346 0.5045913622725189 0.02063471304021349 0.5180967798049221 0.01519842402437487 0.5672981859741968 0.021541589118325627 0.5642450207360048 0.026978038374578184 0.5255626743007872 0.034408653560193306 0.5252920995096089 0.04202080420184516 0.5447702326387043 0.04455837469621193 0.5635351800381361 0.048726719727040714 0.5601763637729456 0.049089069557250446 0.5523380108102357 0.04328906866768296 0.5199657622027345 0.04401384844830971 0.5095485861443436
2 0.07047540107950315 0.5947900532451037 0.06413271670679457 0.6294003976854672 0.05162808221534347 0.6657744958161818 0.039486598756172504 0.7469055396544725 0.042748868910959 0.7499937811284849 0.05489155417323517 0.7477556852956229 0.053803863720949696 0.7291945052475233 0.060509458765317284 0.7235625169136503 0.061958938206363515 0.6974686349298398 0.07029546802760686 0.6802319426654014 0.07102016768802642 0.664555236739982 0.08533663145073365 0.594248903662747 0.0791745210915772 0.5854935976190412 0.07047540107950315 0.5947900532451037
1 0.8898394807923372 0.7507054341363276 0.8876649010898362 0.7661783727104148 0.8758848060183908 0.7763567051816528 0.8573996767440271 0.828983735055964 0.855587526991943 0.8418778505343699 0.8604812126448472 0.8649185672799884 0.8519638684494307 0.9097423204274102 0.8443521184088141 0.9165618366334577 0.8474332537085992 0.9261990195223392 0.8568574739821282 0.9275235073060003 0.8661003190400344 0.9196183469034445 0.8724435642541921 0.9218247115322811 0.8755244591933563 0.9156833048200769 0.8847665030491927 0.8551828457472356 0.900895597285226 0.8035395763937663 0.9028889620125187 0.7893560493675198 0.8989018262514306 0.7791536814935442 0.9028884011710696 0.7525393402983197 0.8941890407983744 0.7460572063232964 0.8898394807923372 0.7507054341363276
1 0.7562693019456436 0.7332482493615825 0.7508323719681489 0.7403734165946287 0.7497451622371054 0.7533694157487009 0.7388713022821161 0.7676197502147931 0.7374215023602418 0.7726755127304893 0.7459404489597988 0.8330423569236389 0.757720624151451 0.8281235543194292 0.7642448439801962 0.8132619177993397 0.7678689031237435 0.7716950972414423 0.7600752971462623 0.7377277860591016 0.7562693019456436 0.7332482493615825
1 0.49166747618910706 0.780213185615867 0.4914860208532776 0.7657240075626219 0.48840496567369945 0.761346354540769 0.48151807553391646 0.7630082245554541 0.47879969066537625 0.7718303380390058 0.48024973094787143 0.7825531651243954 0.4695572462085048 0.8060331477767043 0.46357707190641995 0.843324198988415 0.46140257232412596 0.8640566674295307 0.4641216782745293 0.9025703227492361 0.4925753938299103 0.8947353148183212 0.49529345821762255 0.8648750818666555 0.5047174381305303 0.8504209800492306 0.5087046483063575 0.8536111051989093 0.5087042477053226 0.8273134558637663 0.5023606018901299 0.7988094418997868 0.49166747618910706 0.780213185615867