2 0.2898391675570434 0.7054283976820651 0.2965424908701462 0.6614481157364379 0.30665959784405156 0.6502434986660461 0.3139020635959115 0.6519269304548194 0.32916765964169503 0.6683734093492284 0.3419674891235812 0.6899061438625325 0.3419860315106974 0.6755645429638311 0.32367844168802684 0.6472238077513194 0.3188706814979387 0.6130712174196269 0.31205563279134296 0.5892443914918821 0.30389621094470337 0.5770819421330031 0.30311554640263977 0.5640023268161405 0.2958730806507798 0.5623188950273674 0.2932710225341665 0.570005748393019 0.30050746451391963 0.6277552849032194 0.2911710220820778 0.6520395172904736 0.28560763457994487 0.68825631928737 0.2775474195117889 0.702176473979137 0.2898391675570434 0.7054283976820651
2 0.10412459751028838 0.612247813985583 0.10351128552306636 0.6239505038459882 0.10682586240538534 0.6306435646705774 0.10429195006512997 0.6370301191628507 0.10954566968759853 0.6346977144568704 0.11993535976693585 0.6182919018929652 0.12048052597779986 0.6078895109059383 0.12614312025841648 0.597755312959688 0.12609351686917464 0.584714010934365 0.10938434090486374 0.5538493045581756 0.10022127479997037 0.5468497374012705 0.09131224941339282 0.5489905756495533 0.09003602204970704 0.5593546533450406 0.09472603307419544 0.5817662405247886 0.10082856301508555 0.5912131522622925 0.09955233565139979 0.6015772299577797 0.10412459751028838 0.612247813985583
3 0.8227632634354253 0.4399869615818951 0.8253528029370292 0.39057560439351774 0.8176022557485376 0.3706113617943686 0.80881097952756 0.38449320319459607 0.8060726298582305 0.3947806543070044 0.8078879996606736 0.4300802903459173 0.804858524498796 0.4599105378505405 0.8164873571675868 0.4618238493885506 0.8227632634354253 0.4399869615818951
3 0.11631760984785508 0.7432738469034449 0.11563615208427509 0.7562768356372285 0.11821966781377227 0.7629315831702781 0.12904929355338327 0.7661068802901272 0.14328620811089415 0.7042672337410586 0.14432693714338035 0.6704211497416821 0.14142123491920935 0.6559262956768228 0.13392472844903364 0.6451024584828615 0.1342839997179398 0.6242593632172684 0.12863994782443947 0.6200519602648173 0.12398099780207665 0.6250232760090939 0.12462537079142426 0.640703489072713 0.11496674186490867 0.6571476149281578 0.12176324818438826 0.6953160417546039 0.12291570261036747 0.729277065628599 0.11631760984785508 0.7432738469034449
3 0.37226873558525964 0.48939427736045416 0.3803785540426574 0.4885154246940102 0.3818902797375428 0.5016333533024121 0.38408346319600817 0.5017482931770306 0.38617743987598996 0.47578062900100315 0.384157632744473 0.4443818895822253 0.38750929440102433 0.4223917486094117 0.37578125495375 0.3943958330207556 0.36664924985098224 0.41477916878787474 0.3675703561021729 0.43916678773184686 0.3636508356912303 0.4719923192165223 0.36573878859910525 0.5020907597619217 0.37172356937439566 0.499796668347481 0.37226873558525964 0.48939427736045416
1 0.450208119358342 0.7646839177571271 0.44879560044194033 0.7776485931993711 0.45231461465333317 0.7804407574038252 0.4545263404989148 0.7662140963797424 0.4616510570851749 0.7561565250165708 0.4629272844488607 0.7457924473210836 0.45101335005962867 0.707355827453861 0.4518310993759247 0.6917522409733209 0.44705440018796205 0.6849825535656527 0.44159624323641955 0.691215854891768 0.43897564273268985 0.713244309156121 0.44188134495686093 0.7277391632209803 0.4393474326166055 0.7341257177132536 0.4467757933104233 0.7462498537805932 0.450208119358342 0.7646839177571271
0 0.41146187825878683 0.7626533133055341 0.40333351741427287 0.7778737668706794 0.4141631431538838 0.7810490639905284 0.4195902391033008 0.7474328597403888 0.4252528333839173 0.7372986617941383 0.42926741041693245 0.7166471329862427 0.43911193428540585 0.7106437114093642 0.44207326367092553 0.6821137627781195 0.43823206296485867 0.6714814920418559 0.42920528841268124 0.6618813271381939 0.42776170849415396 0.6474630996564137 0.4205873885186519 0.644479368994262 0.41739056080193276 0.6495273113216176 0.4174401641911746 0.6625686133469404 0.42503587743983395 0.6994750545915476 0.4234870669707161 0.7150403277805484 0.4158171841735919 0.7355002901307467 0.41146187825878683 0.7626533133055341
0 0.24389309818117164 0.46310834165728904 0.24868833975625043 0.4555364281662559 0.25366947627328706 0.458405218953789 0.25883650773228145 0.4717147140198884 0.2634273119782862 0.4680436971489904 0.2593320705539036 0.44827102100753874 0.2604905487519896 0.4261659401601068 0.24969800778661105 0.394307441242855 0.2431184574112149 0.39396262161899964 0.2380506327307041 0.4067357306035461 0.23411672008905632 0.46781146436078913 0.23515142534943573 0.4900314850828396 0.2379393784080069 0.49278533599575425 0.24113620612472605 0.48773739366839874 0.24389309818117164 0.46310834165728904
2 0.42618738972422154 0.42572265193438313 0.42047519205436323 0.4228155478553105 0.4152029300447785 0.4394895534599921 0.4123408074377425 0.4941021061418828 0.4210764564973715 0.5232450674377593 0.4311750210841607 0.526382051266069 0.4327919773296366 0.5095164792036899 0.42618738972422154 0.42572265193438313
2 0.6416093787741409 0.6234658846216503 0.6504317159972443 0.6369669461454472 0.6501591328918123 0.6421681416389606 0.6582008055728521 0.642589587845895 0.6611681587304784 0.5579935344932232 0.6465344170590331 0.5155027648397076 0.636163269366812 0.5175669765049116 0.6422287145334697 0.5556970900398182 0.6397754665845817 0.6025078494814389 0.6299124003289921 0.6228528719570184 0.6333632687640272 0.6269453350348511 0.6416093787741409 0.6234658846216503
2 0.9594536276967807 0.615349861264061 0.9574092544060407 0.6543588274654116 0.9630533062995411 0.6585662304178626 0.9671049681067887 0.6092314998125642 0.9721727927872996 0.5964583908280177 0.9739445829726074 0.5626506201201804 0.9670117851004119 0.527082791040491 0.9597011735721941 0.5266996581250962 0.9566220950210746 0.5434886036043962 0.9494973784348145 0.5535461749675676 0.9428125975088278 0.5831848560144934 0.9457864455093569 0.5963794112059743 0.9445102181456709 0.6067434889014616 0.9326398633735739 0.6374142757809892 0.9314999275626041 0.6451777557297198 0.9349507959976391 0.6492702188075523 0.9410222649364035 0.6313342276210319 0.9522111619449207 0.6136664294752878 0.9594536276967807 0.615349861264061
2 0.89426588322873 0.8101217931521086 0.889656536595609 0.8281344109217083 0.9011490777116838 0.8326483202064751 0.9049406750285088 0.8302392889174157 0.908502797786241 0.74828214660304 0.903168413772405 0.710190346359673 0.9035462274284274 0.6750056501953786 0.8967807821110734 0.6642201262929568 0.8890612959247075 0.671638786617832 0.8896996451419483 0.7433851044028783 0.8874197735200087 0.7589120643003395 0.8923142218735711 0.7774227548599524 0.8887581228879456 0.803313792452901 0.89426588322873 0.8101217931521086
1 0.0520588690187976 0.8363925869187441 0.05391132359547294 0.8430090211602543 0.060559019747227195 0.8420535419107316 0.06812367199376093 0.8515770802313144 0.07762746698044429 0.8520751530213279 0.08249085433188108 0.8432029406569163 0.07632017861463287 0.8350563277927906 0.07651209732869743 0.7894309273499299 0.08571224820782321 0.7677472927094323 0.0863937059714032 0.7547443039756487 0.07828991128611222 0.6995570519206658 0.06866836713382918 0.6873179759787076 0.06948611645012517 0.6717143894981674 0.06610339379144811 0.6663216275469566 0.05632701569933274 0.6710247502504566 0.05516209030323168 0.6979107853926496 0.04930150589155622 0.707164925664274 0.04855190235161822 0.7214682132714358 0.054530659354801725 0.7752402265784222 0.0520588690187976 0.8363925869187441
1 0.21445318065292424 0.7171240284255772 0.2064981961353586 0.701060682446563 0.20791071505176043 0.688096007004319 0.20393322279297768 0.6800643340148119 0.1993424185469729 0.68373535088571 0.18521073454005232 0.7155914967639976 0.18083688623813102 0.7570861208374863 0.18440550383876578 0.7729195870672635 0.19503069224930267 0.7799957808072475 0.214911658700314 0.7223635372106301 0.21445318065292424 0.7171240284255772
1 0.45840509705000976 0.9020198785841831 0.46842299724543146 0.8647326574631455 0.4702443908199814 0.8439661887806313 0.4714895571815415 0.8062192081611197 0.46547371540412563 0.781130396651536 0.4689431262262767 0.770881258830667 0.4679580243551391 0.7617025401339397 0.46151476553245896 0.7587571227633276 0.457655022439276 0.7624664529257652 0.4547122354408725 0.7766548006583086 0.44066723959742626 0.7928690467645163 0.4290013221544031 0.8196389370239089 0.4239831008631342 0.8454533480337785 0.4285057593327809 0.8430826300362588 0.4349986215447029 0.8590693494321939 0.4319691463828253 0.888899596936817 0.45840509705000976 0.9020198785841831