2 0.2994143484626647 0.6627604166666667 0.2957540263543192 0.69921875 0.2884333821376281 0.7135416666666667 0.3008784773060029 0.7161458333333334 0.3052708638360176 0.671875 0.31478770131771594 0.66015625 0.32210834553440704 0.6614583333333334 0.33821376281112736 0.6770833333333334 0.35212298682284043 0.6979166666666667 0.3513909224011713 0.68359375 0.33162518301610544 0.65625 0.32503660322108346 0.6223958333333334 0.3169838945827233 0.5989583333333334 0.308199121522694 0.5872395833333334 0.3067349926793558 0.57421875 0.2994143484626647 0.5729166666666667 0.29721815519765743 0.5807291666666667 0.3074670571010249 0.6380208333333334 0.2994143484626647 0.6627604166666667
2 0.09956076134699854 0.6028645833333334 0.1061493411420205 0.6119791666666667 0.1054172767203514 0.6223958333333334 0.11054172767203514 0.6328125 0.11054172767203514 0.64453125 0.11420204978038066 0.6510416666666667 0.11200585651537336 0.6575520833333334 0.1171303074670571 0.6549479166666667 0.12664714494875548 0.6380208333333334 0.12664714494875548 0.6276041666666667 0.13177159590043924 0.6171875 0.13103953147877015 0.6041666666666667 0.11273792093704246 0.57421875 0.10322108345534406 0.5677083333333334 0.09443631039531479 0.5703125 0.09370424597364568 0.5807291666666667 0.09956076134699854 0.6028645833333334
3 0.8038067349926793 0.4140625 0.8023426061493412 0.4440104166666667 0.814055636896047 0.4453125 0.8191800878477306 0.42317708333333337 0.8191800878477306 0.3736979166666667 0.8103953147877012 0.3541666666666667 0.8023426061493412 0.36848958333333337 0.8001464128843339 0.37890625 0.8038067349926793 0.4140625
3 0.12371888726207907 0.6770833333333334 0.13250366032210834 0.71484375 0.1354319180087848 0.7486979166666667 0.12957540263543194 0.7630208333333334 0.12957540263543194 0.7760416666666667 0.13250366032210834 0.7825520833333334 0.14348462664714495 0.78515625 0.15446559297218157 0.72265625 0.15373352855051245 0.6888020833333334 0.1500732064421669 0.6744791666666667 0.14202049780380674 0.6640625 0.14128843338213765 0.6432291666666667 0.1354319180087848 0.6393229166666667 0.13103953147877015 0.64453125 0.13250366032210834 0.66015625 0.12371888726207907 0.6770833333333334
3 0.3623718887262079 0.4791666666666667 0.36603221083455345 0.5091145833333334 0.3718887262079063 0.5065104166666667 0.3718887262079063 0.49609375 0.3799414348462665 0.4947916666666667 0.3821376281112738 0.5078125 0.38433382137628114 0.5078125 0.3850658857979502 0.48177083333333337 0.38140556368960465 0.45052083333333337 0.383601756954612 0.4283854166666667 0.37042459736456806 0.4010416666666667 0.3623718887262079 0.421875 0.36456808199121526 0.44618098958333335 0.3623718887262079 0.4791666666666667
1 0.45387994143484633 0.73046875 0.4516837481698389 0.7369791666666667 0.4597364568081991 0.7486979166666667 0.46412884333821375 0.7669270833333334 0.4633967789165447 0.7799479166666667 0.4670571010248902 0.7825520833333334 0.4685212298682284 0.7682291666666667 0.47510980966325034 0.7578125 0.4758418740849195 0.7473958333333334 0.4619326500732065 0.7096354166666667 0.4619326500732065 0.6940104166666667 0.45680819912152265 0.6875 0.4516837481698389 0.6940104166666667 0.45021961932650073 0.7161458333333334 0.45387994143484633 0.73046875
0 0.4355783308931186 0.703125 0.43484626647144947 0.71875 0.4282576866764275 0.7395833333333334 0.42532942898975107 0.7669270833333334 0.4180087847730601 0.7825520833333334 0.42898975109809667 0.78515625 0.43265007320644217 0.7513020833333334 0.4377745241581259 0.7408854166666667 0.4407027818448023 0.7200520833333334 0.45021961932650073 0.7135416666666667 0.4516837481698389 0.6848958333333334 0.4472913616398243 0.6744791666666667 0.4377745241581259 0.6653645833333334 0.4355783308931186 0.6510416666666667 0.4282576866764275 0.6484375 0.42532942898975107 0.6536458333333334 0.42606149341142024 0.6666666666666667 0.4355783308931186 0.703125
0 0.23499267935578333 0.50390625 0.23792093704245976 0.5065104166666667 0.24084919472913616 0.5013020833333334 0.24231332357247437 0.4765625 0.24670571010248904 0.46875 0.2518301610541728 0.4713541666666667 0.25768667642752563 0.484375 0.2620790629575403 0.48046875 0.2569546120058565 0.4609375 0.2569546120058565 0.43880208333333337 0.2445095168374817 0.40755208333333337 0.23792093704245976 0.40755208333333337 0.2335285505124451 0.4205729166666667 0.232796486090776 0.48177083333333337 0.23499267935578333 0.50390625
2 0.42240117130307464 0.52734375 0.43265007320644217 0.5299479166666667 0.43338213762811134 0.5130208333333334 0.42240117130307464 0.4296875 0.41654465592972184 0.42708333333333337 0.41215226939970717 0.4440104166666667 0.41215226939970717 0.4986979166666667 0.42240117130307464 0.52734375
2 0.6449487554904831 0.5950520833333334 0.6361639824304539 0.6158854166666667 0.6398243045387995 0.6197916666666667 0.6478770131771596 0.6158854166666667 0.657393850658858 0.62890625 0.657393850658858 0.6341145833333334 0.6654465592972182 0.6341145833333334 0.66398243045388 0.5494791666666667 0.6471449487554904 0.5078125 0.636896046852123 0.5104166666666667 0.6449487554904831 0.5481770833333334 0.6449487554904831 0.5950520833333334
2 0.9421669106881406 0.6263020833333334 0.9472913616398243 0.6080729166666667 0.9575402635431919 0.58984375 0.9648609077598829 0.5911458333333334 0.9648609077598829 0.6302083333333334 0.9707174231332358 0.6341145833333334 0.972181551976574 0.5846354166666667 0.9765739385065887 0.5716145833333334 0.9765739385065887 0.5377604166666667 0.9677891654465594 0.5026041666666667 0.9604685212298684 0.5026041666666667 0.958272327964861 0.51953125 0.951683748169839 0.5299479166666667 0.9465592972181552 0.5598958333333334 0.9502196193265007 0.5729166666666667 0.9494875549048316 0.5833333333333334 0.9392386530014643 0.6145833333333334 0.938506588579795 0.6223958333333334 0.9421669106881406 0.6263020833333334
2 0.9004392386530015 0.73828125 0.9062957540263543 0.7565104166666667 0.9040995607613469 0.7825520833333334 0.9099560761346999 0.7890625 0.9062957540263543 0.8072916666666667 0.91800878477306 0.8111979166666667 0.9216691068814056 0.80859375 0.9209370424597365 0.7265625 0.9136163982430453 0.6888020833333334 0.9121522693997072 0.6536458333333334 0.9048316251830162 0.6432291666666667 0.897510980966325 0.6510416666666667 0.9019033674963397 0.72265625 0.9004392386530015 0.73828125
1 0.06076134699853587 0.73046875 0.06076134699853587 0.7447916666666667 0.06954612005856516 0.7981770833333334 0.07027818448023426 0.859375 0.07247437774524158 0.8658854166666667 0.07906295754026355 0.8645833333333334 0.08711566617862372 0.8736979166666667 0.09663250366032211 0.8736979166666667 0.10102489019033675 0.8645833333333334 0.09443631039531479 0.8567708333333334 0.09224011713030747 0.8111979166666667 0.10029282576866765 0.7890625 0.10029282576866765 0.7760416666666667 0.08931185944363104 0.7213541666666667 0.07906295754026355 0.7096354166666667 0.07906295754026355 0.6940104166666667 0.07540263543191801 0.6888020833333334 0.06588579795021962 0.6940104166666667 0.06612957540263543 0.7209205729166668 0.06076134699853587 0.73046875
1 0.19912152269399708 0.7890625 0.21010248901903367 0.7955729166666667 0.22693997071742317 0.7369791666666667 0.22620790629575405 0.7317708333333334 0.21742313323572474 0.7161458333333334 0.21815519765739383 0.703125 0.21376281112737922 0.6953125 0.20937042459736457 0.69921875 0.19692532942898974 0.7317708333333334 0.19472913616398244 0.7734375 0.19912152269399708 0.7890625
1 0.44655929721815524 0.8463541666666667 0.45387994143484633 0.8619791666666667 0.4524158125915081 0.8919270833333334 0.479502196193265 0.9036458333333334 0.48755490483162517 0.8658854166666667 0.48828696925329435 0.8450520833333334 0.48755490483162517 0.8072916666666667 0.4802342606149342 0.7825520833333334 0.4831625183016105 0.7721354166666667 0.4816983894582723 0.7630208333333334 0.47510980966325034 0.7604166666666667 0.47144948755490484 0.7643229166666667 0.4692532942898975 0.7786458333333334 0.4560761346998536 0.7955729166666667 0.44582723279648606 0.8229166666666667 0.44216691068814057 0.8489583333333334 0.44655929721815524 0.8463541666666667