3 0.3265625 0.3265625 0.33125 0.3265625 0.3328125 0.33125 0.33125 0.3375 0.334375 0.3421875 0.33125 0.359375 0.3328125 0.375 0.33125 0.3953125 0.334375 0.403125 0.3296875 0.4046875 0.3265625 0.378125 0.321875 0.3765625 0.315625 0.3828125 0.315625 0.3875 0.3046875 0.4078125 0.309375 0.390625 0.309375 0.38125 0.315625 0.36875 0.31875 0.340625 0.3265625 0.33125 0.3265625 0.328125
2 0.6140625 0.3953125 0.6171875 0.4015625 0.6140625 0.4140625 0.615625 0.434375 0.6109375 0.465625 0.61875 0.4734375 0.61875 0.4796875 0.6140625 0.484375 0.6140625 0.4796875 0.609375 0.4765625 0.6046875 0.4671875 0.6 0.465625 0.596875 0.46875 0.5953125 0.478125 0.5921875 0.48125 0.5921875 0.4890625 0.5890625 0.4921875 0.5828125 0.4890625 0.590625 0.4765625 0.5953125 0.45625 0.603125 0.440625 0.603125 0.434375 0.6078125 0.421875 0.60625 0.41875 0.6078125 0.4015625 0.609375 0.396875 0.6125 0.3953125
2 0.6796875 0.390625 0.684375 0.3921875 0.6828125 0.4015625 0.6859375 0.4125 0.6828125 0.4390625 0.675 0.4625 0.6734375 0.4921875 0.665625 0.4984375 0.6625 0.4953125 0.665625 0.4828125 0.6640625 0.4609375 0.66875 0.4484375 0.66875 0.4390625 0.671875 0.4359375 0.6734375 0.4171875 0.678125 0.4046875 0.6796875 0.3921875
2 0.8125 0.484375 0.815625 0.4890625 0.8140625 0.515625 0.809375 0.5484375 0.80625 0.5515625 0.8046875 0.5609375 0.803125 0.5734375 0.8046875 0.6 0.803125 0.6015625 0.796875 0.6 0.796875 0.5953125 0.8 0.5921875 0.7984375 0.584375 0.8 0.5796875 0.796875 0.575 0.7921875 0.578125 0.79375 0.6 0.784375 0.6015625 0.7828125 0.5953125 0.7875 0.5921875 0.7875 0.571875 0.7890625 0.5703125 0.7875 0.559375 0.790625 0.55625 0.790625 0.55 0.8 0.5328125 0.8046875 0.49375 0.80625 0.4875 0.8109375 0.484375
2 0.69765625 0.51875 0.0375 0.125
2 0.4890625 0.3875 0.49375 0.390625 0.4921875 0.396875 0.4984375 0.4046875 0.50625 0.4234375 0.50625 0.4265625 0.503125 0.428125 0.5 0.421875 0.496875 0.4234375 0.4984375 0.4359375 0.496875 0.4546875 0.5 0.4796875 0.496875 0.484375 0.496875 0.4890625 0.4921875 0.4890625 0.490625 0.4796875 0.4875 0.475 0.4875 0.4671875 0.48125 0.459375 0.484375 0.446875 0.4828125 0.440625 0.484375 0.4234375 0.48125 0.4171875 0.48125 0.409375 0.4875 0.4015625 0.4859375 0.3921875 0.4890625 0.3890625
2 0.3171875 0.465625 0.325 0.4671875 0.321875 0.4828125 0.3265625 0.4921875 0.325 0.49375 0.3265625 0.4984375 0.325 0.5109375 0.3203125 0.509375 0.31875 0.5109375 0.3203125 0.515625 0.3171875 0.528125 0.3203125 0.546875 0.31875 0.571875 0.321875 0.575 0.321875 0.5828125 0.3203125 0.584375 0.3140625 0.5828125 0.3125 0.575 0.3140625 0.5703125 0.3125 0.5640625 0.3140625 0.5515625 0.3125 0.55 0.3140625 0.5484375 0.3078125 0.5421875 0.303125 0.5453125 0.3 0.5515625 0.2953125 0.571875 0.29375 0.5734375 0.2921875 0.571875 0.2921875 0.559375 0.2953125 0.55625 0.2953125 0.5484375 0.2984375 0.546875 0.2984375 0.5375 0.3015625 0.5328125 0.3 0.5265625 0.3046875 0.5140625 0.3046875 0.5046875 0.3 0.5 0.3 0.49375 0.3140625 0.4796875 0.3140625 0.4703125 0.3171875 0.4671875
0 0.4734375 0.378125 0.475 0.3796875 0.4734375 0.3921875 0.4765625 0.3953125 0.4765625 0.4140625 0.475 0.425 0.471875 0.428125 0.471875 0.4359375 0.46875 0.440625 0.46875 0.446875 0.465625 0.45 0.465625 0.4578125 0.4625 0.4609375 0.459375 0.4578125 0.4625 0.4453125 0.459375 0.4390625 0.45 0.45 0.4453125 0.4609375 0.4421875 0.4578125 0.45 0.4390625 0.4546875 0.434375 0.4609375 0.421875 0.4609375 0.415625 0.4640625 0.4125 0.4625 0.403125 0.46875 0.3875 0.4671875 0.38125 0.471875 0.378125
0 0.85625 0.4359375 0.859375 0.440625 0.85625 0.453125 0.8578125 0.4734375 0.85625 0.475 0.85625 0.496875 0.85 0.5203125 0.8515625 0.5234375 0.85 0.5328125 0.853125 0.5390625 0.853125 0.5515625 0.85 0.55625 0.846875 0.5546875 0.8484375 0.5515625 0.846875 0.5453125 0.834375 0.5421875 0.834375 0.5390625 0.8390625 0.528125 0.840625 0.5 0.846875 0.484375 0.8453125 0.475 0.846875 0.4625 0.8515625 0.45 0.85 0.4421875 0.8546875 0.4375
3 0.959375 0.71875 0.965625 0.725 0.9609375 0.746875 0.9640625 0.75 0.9640625 0.75625 0.9671875 0.7578125 0.9671875 0.7625 0.9578125 0.81875 0.953125 0.8625 0.9515625 0.865625 0.946875 0.8640625 0.9484375 0.859375 0.9453125 0.846875 0.9453125 0.8359375 0.94375 0.83125 0.940625 0.8296875 0.9375 0.8328125 0.9359375 0.840625 0.9375 0.85 0.934375 0.853125 0.9328125 0.871875 0.9296875 0.875 0.9234375 0.8734375 0.921875 0.8703125 0.921875 0.8671875 0.928125 0.859375 0.9328125 0.8265625 0.93125 0.825 0.9328125 0.8125 0.93125 0.8078125 0.9265625 0.80625 0.928125 0.79375 0.93125 0.7921875 0.9375 0.778125 0.9375 0.771875 0.94375 0.7515625 0.95 0.74375 0.953125 0.7234375 0.9578125 0.71875
1 0.6296875 0.746875 0.6359375 0.74375 0.6375 0.7171875 0.64375 0.7140625 0.6484375 0.725 0.6453125 0.7453125 0.6546875 0.759375 0.6546875 0.7859375 0.6515625 0.7953125 0.6484375 0.7859375 0.65 0.78125 0.6421875 0.76875 0.6453125 0.7484375 0.640625 0.74375 0.6359375 0.74375 0.63125 0.7515625 0.6328125 0.7609375 0.6296875 0.771875 0.6234375 0.7765625 0.615625 0.775 0.625 0.7515625 0.6296875 0.7484375
1 0.6109375 0.784375 0.61875 0.784375 0.6203125 0.790625 0.61875 0.815625 0.625 0.8265625 0.6265625 0.834375 0.625 0.840625 0.6265625 0.84375 0.625 0.8609375 0.6265625 0.8625 0.625 0.8640625 0.628125 0.8734375 0.625 0.8796875 0.6171875 0.88125 0.6125 0.896875 0.609375 0.9203125 0.603125 0.9203125 0.596875 0.9078125 0.5921875 0.9171875 0.5921875 0.921875 0.5796875 0.934375 0.584375 0.903125 0.584375 0.8859375 0.5796875 0.878125 0.5796875 0.8703125 0.5828125 0.8671875 0.5875 0.840625 0.5953125 0.821875 0.60625 0.8125 0.6078125 0.79375 0.6109375 0.7859375
1 0.53125 0.8453125 0.5375 0.8453125 0.540625 0.85 0.540625 0.859375 0.5359375 0.86875 0.5359375 0.8734375 0.5453125 0.8859375 0.546875 0.9015625 0.54375 0.921875 0.534375 0.9234375 0.5296875 0.9296875 0.528125 0.9453125 0.521875 0.9578125 0.525 0.9734375 0.521875 0.9984375 0.50625 0.996875 0.5046875 0.98125 0.5078125 0.9765625 0.50625 0.9671875 0.5078125 0.965625 0.5046875 0.9578125 0.5046875 0.95 0.5015625 0.9453125 0.5015625 0.9328125 0.5078125 0.9171875 0.509375 0.9 0.5125 0.896875 0.5125 0.8921875 0.5171875 0.8828125 0.528125 0.871875 0.5265625 0.8671875 0.53125 0.846875
1 0.8883903218321189 0.7978374355882523 0.8878463564256656 0.7806675507636599 0.8829529912535893 0.7786649534861556 0.8686359666494333 0.8121545774941905 0.8650115870250576 0.8326832785839737 0.8775168624781647 0.8383854193894875 0.8729862477373332 0.8548421184844166 0.8805982381385711 0.8638011918794547 0.8838606685337714 0.877408493087524 0.8916537136698037 0.8745590952006645 0.8990840884947978 0.8585099308084005 0.9005338082964652 0.8481946384256759 0.8965461173993958 0.8134473340738261 0.8883903218321189 0.7978374355882523