2 0.6734375 0.3765625 0.6875 0.3671875 0.6953125 0.38125 0.6984375 0.3984375 0.69375 0.415625 0.69375 0.4546875 0.6953125 0.45625 0.69375 0.475 0.690625 0.475 0.6890625 0.4640625 0.690625 0.4453125 0.6859375 0.4359375 0.6796875 0.4421875 0.6796875 0.4546875 0.6765625 0.4609375 0.6765625 0.46875 0.6734375 0.4734375 0.671875 0.4640625 0.675 0.4578125 0.6765625 0.4296875 0.6796875 0.425 0.6796875 0.40625 0.675 0.4 0.678125 0.3890625 0.671875 0.3828125 0.6734375 0.378125
2 0.75625 0.7078125 0.759375 0.709375 0.7609375 0.7140625 0.759375 0.7328125 0.7671875 0.74375 0.771875 0.7609375 0.7703125 0.7703125 0.7640625 0.7796875 0.7625 0.7921875 0.7578125 0.8875 0.7546875 0.8984375 0.7484375 0.9015625 0.7390625 0.896875 0.7375 0.89375 0.7484375 0.871875 0.7453125 0.85 0.746875 0.8484375 0.74375 0.840625 0.7421875 0.8234375 0.7453125 0.81875 0.74375 0.8046875 0.7453125 0.7625 0.7484375 0.759375 0.75 0.746875 0.75 0.7375 0.746875 0.73125 0.7484375 0.7296875 0.7484375 0.7109375 0.7546875 0.7078125
2 0.865625 0.7078125 0.871875 0.715625 0.871875 0.7328125 0.8703125 0.734375 0.8828125 0.7453125 0.8921875 0.7640625 0.890625 0.765625 0.8921875 0.7703125 0.884375 0.78125 0.884375 0.784375 0.88125 0.7859375 0.88125 0.790625 0.878125 0.7953125 0.8796875 0.8234375 0.878125 0.825 0.878125 0.846875 0.875 0.85625 0.878125 0.86875 0.8765625 0.8875 0.8796875 0.9078125 0.871875 0.909375 0.86875 0.9046875 0.871875 0.8796875 0.8671875 0.859375 0.8625 0.8515625 0.859375 0.8546875 0.859375 0.8734375 0.8578125 0.8828125 0.8546875 0.8875 0.85625 0.9015625 0.8421875 0.903125 0.8390625 0.9 0.840625 0.89375 0.8484375 0.8875 0.8515625 0.88125 0.853125 0.8265625 0.85625 0.821875 0.85625 0.8078125 0.859375 0.7921875 0.8578125 0.75 0.8609375 0.7390625 0.8578125 0.7328125 0.859375 0.73125 0.859375 0.7140625 0.8640625 0.709375
2 0.446875 0.4171875 0.45 0.41875 0.45 0.425 0.45625 0.4296875 0.4640625 0.4515625 0.459375 0.46875 0.4640625 0.4796875 0.4640625 0.496875 0.4671875 0.5 0.4671875 0.50625 0.4625 0.503125 0.45625 0.4734375 0.4515625 0.465625 0.4453125 0.4609375 0.4390625 0.4671875 0.4375 0.4796875 0.434375 0.484375 0.4328125 0.5078125 0.43125 0.509375 0.4296875 0.50625 0.4328125 0.48125 0.43125 0.453125 0.434375 0.446875 0.434375 0.4359375 0.4453125 0.41875
2 0.7078125 0.546875 0.7109375 0.5484375 0.7125 0.55625 0.71875 0.5625 0.7265625 0.5796875 0.7265625 0.5875 0.73125 0.596875 0.7296875 0.6140625 0.7328125 0.6328125 0.7375 0.6375 0.7484375 0.6421875 0.7515625 0.6546875 0.7484375 0.6578125 0.740625 0.646875 0.7265625 0.64375 0.725 0.6453125 0.7265625 0.6515625 0.7296875 0.653125 0.7359375 0.6703125 0.7328125 0.675 0.7265625 0.6765625 0.7203125 0.6734375 0.725 0.6625 0.7140625 0.6421875 0.7171875 0.609375 0.715625 0.6 0.7109375 0.5953125 0.70625 0.6 0.703125 0.609375 0.7015625 0.6109375 0.7 0.609375 0.709375 0.578125 0.703125 0.5640625 0.703125 0.553125 0.7078125 0.5484375
2 0.4515625 0.74375 0.4453125 0.7375 0.440625 0.7484375 0.4421875 0.7515625 0.440625 0.7578125 0.446875 0.7640625 0.453125 0.7796875 0.453125 0.79375 0.446875 0.8140625 0.446875 0.8265625 0.4546875 0.834375 0.4546875 0.8375 0.4484375 0.8421875 0.4421875 0.840625 0.434375 0.828125 0.434375 0.821875 0.4421875 0.80625 0.4421875 0.796875 0.4390625 0.7921875 0.434375 0.790625 0.428125 0.784375 0.428125 0.7796875 0.4234375 0.771875 0.421875 0.7515625 0.4296875 0.7296875 0.4296875 0.7234375 0.4375 0.7140625 0.44375 0.7015625 0.44375 0.6921875 0.4484375 0.6828125 0.4578125 0.6875 0.453125 0.7171875 0.45 0.7234375 0.4546875 0.740625 0.453125 0.74375
2 0.9375 0.7046875 0.940625 0.7109375 0.9421875 0.73125 0.9546875 0.7390625 0.9671875 0.765625 0.9609375 0.78125 0.9515625 0.7890625 0.946875 0.8 0.94375 0.840625 0.940625 0.8484375 0.9421875 0.8515625 0.940625 0.85625 0.9421875 0.865625 0.940625 0.9015625 0.9328125 0.9 0.9296875 0.909375 0.925 0.9140625 0.9140625 0.9109375 0.9125 0.9078125 0.9125 0.903125 0.921875 0.896875 0.9234375 0.8546875 0.925 0.853125 0.921875 0.8484375 0.921875 0.825 0.9234375 0.8234375 0.921875 0.8015625 0.9203125 0.8 0.91875 0.8015625 0.91875 0.8078125 0.915625 0.8109375 0.915625 0.7953125 0.91875 0.790625 0.925 0.7640625 0.9265625 0.7453125 0.93125 0.734375 0.928125 0.728125 0.928125 0.709375 0.93125 0.7046875 0.9359375 0.7046875
2 0.484375 0.6953125 0.4890625 0.69375 0.4921875 0.696875 0.49375 0.709375 0.509375 0.721875 0.5109375 0.728125 0.521875 0.74375 0.521875 0.75 0.51875 0.75 0.5140625 0.7421875 0.509375 0.74375 0.5125 0.7578125 0.5125 0.7765625 0.5078125 0.7859375 0.4953125 0.796875 0.490625 0.8390625 0.4875 0.8421875 0.48125 0.8421875 0.478125 0.8375 0.475 0.8390625 0.471875 0.84375 0.46875 0.8625 0.459375 0.85625 0.459375 0.8515625 0.46875 0.840625 0.471875 0.815625 0.475 0.8109375 0.475 0.803125 0.48125 0.7828125 0.4875 0.7734375 0.4875 0.765625 0.4859375 0.7640625 0.4859375 0.7453125 0.478125 0.73125 0.475 0.73125 0.465625 0.7390625 0.459375 0.75 0.4546875 0.746875 0.4546875 0.74375 0.484375 0.7140625 0.4828125 0.7015625 0.484375 0.696875
2 0.515625 0.6578125 0.525 0.6578125 0.5265625 0.6625 0.525 0.6671875 0.528125 0.6703125 0.534375 0.6703125 0.5484375 0.6828125 0.55 0.70625 0.5546875 0.721875 0.5515625 0.753125 0.5484375 0.75625 0.5484375 0.7671875 0.553125 0.7828125 0.5515625 0.7859375 0.553125 0.8140625 0.546875 0.8171875 0.5484375 0.8 0.5453125 0.7890625 0.5453125 0.778125 0.54375 0.7765625 0.5328125 0.7890625 0.5296875 0.7859375 0.534375 0.7734375 0.5328125 0.7625 0.5296875 0.7578125 0.53125 0.753125 0.5296875 0.7453125 0.534375 0.7234375 0.5328125 0.7125 0.528125 0.7078125 0.525 0.709375 0.5140625 0.7265625 0.5109375 0.725 0.5125 0.7171875 0.525 0.7 0.5234375 0.6953125 0.525 0.690625 0.5140625 0.678125 0.5125 0.6640625 0.515625 0.659375
3 0.6140625 0.7328125 0.615625 0.7546875 0.625 0.7609375 0.6328125 0.7828125 0.63125 0.79375 0.634375 0.8171875 0.63125 0.8390625 0.628125 0.846875 0.6234375 0.85 0.628125 0.86875 0.628125 0.8875 0.63125 0.89375 0.63125 0.9 0.6265625 0.903125 0.6203125 0.8984375 0.6203125 0.890625 0.6234375 0.8875 0.621875 0.865625 0.61875 0.8609375 0.6140625 0.8640625 0.6125 0.878125 0.6140625 0.88125 0.6140625 0.90625 0.6125 0.9078125 0.6140625 0.925 0.6046875 0.9296875 0.6 0.9296875 0.5984375 0.9234375 0.6046875 0.9171875 0.6078125 0.9046875 0.60625 0.8578125 0.6109375 0.8359375 0.609375 0.834375 0.60625 0.8390625 0.603125 0.8390625 0.603125 0.8328125 0.609375 0.821875 0.609375 0.8171875 0.6125 0.815625 0.6140625 0.8015625 0.609375 0.7890625 0.6109375 0.7640625 0.6046875 0.7578125 0.603125 0.7359375 0.60625 0.73125 0.6125 0.7328125
1 0.725 0.7171875 0.73125 0.7234375 0.7296875 0.7453125 0.740625 0.7578125 0.740625 0.778125 0.7421875 0.7796875 0.7421875 0.81875 0.740625 0.8234375 0.7328125 0.828125 0.7328125 0.8484375 0.73125 0.85 0.7328125 0.8796875 0.7296875 0.909375 0.7265625 0.9203125 0.721875 0.9171875 0.725 0.89375 0.7234375 0.884375 0.725 0.8703125 0.721875 0.8625 0.721875 0.853125 0.71875 0.85 0.715625 0.8578125 0.715625 0.878125 0.7125 0.8875 0.7125 0.9078125 0.7109375 0.909375 0.7125 0.91875 0.7078125 0.91875 0.7015625 0.915625 0.7 0.9125 0.7 0.9078125 0.7078125 0.8984375 0.70625 0.878125 0.7078125 0.8765625 0.709375 0.840625 0.7078125 0.8328125 0.703125 0.8296875 0.703125 0.8234375 0.70625 0.8171875 0.7078125 0.790625 0.7109375 0.7875 0.7125 0.759375 0.71875 0.75 0.7171875 0.7390625 0.71875 0.7203125 0.7234375 0.7171875
3 0.22728454220773173 0.9198963791284853 0.2326064076065583 0.9162636755491267 0.23509071655757188 0.8968358190315303 0.2316954752838855 0.8497185532575937 0.22924825110710434 0.8404632079777876 0.22360419921360392 0.8362558050253366 0.2212932665895388 0.8243998619987734 0.2211259140346972 0.7996175568215056 0.21315238713001539 0.797895811741193 0.20769423017847286 0.8041291130673084 0.20546396194577504 0.8326973749900924 0.19427506493725788 0.8503651731358367 0.1885753858824089 0.8891825728794898 0.18653101259166893 0.9281915390808402 0.19755905188824704 0.9835320443019814 0.21437345840314842 0.9844132500073897 0.22141751059804116 0.9339314736948708 0.22728454220773173 0.9198963791284853